1	1	5
2	2	3
3	1	5
4	1	3
5	2	1
6	2	3
7	2	3
8	2	4
9	1	3
10	2	5
11	2	3
12	2	3
13	1	3
14	2	4
15	1	5
16	1	4
17	1	5
18	2	6
19	1	4
20	1	4
21	2	1
22	2	3
23	2	3
24	1	4
25	2	3
26	2	3
27	1	3
28	2	3
29	2	3
30	1	6
31	1	4
32	2	4
33	1	3
34	1	3
35	1	4
36	1	4
37	1	3
38	2	4
39	2	3
40	2	3
41	1	3
42	2	3
43	1	3
44	1	3
45	1	4
46	1	3
47	1	1
48	1	3
49	1	3
50	2	3
51	1	4
52	2	3
53	1	6
54	2	4
55	1	6
56	1	3
57	1	4
58	1	6
59	2	3
60	2	4
61	0	3
62	2	3
63	2	3
64	1	5
65	1	3
66	1	4
67	1	3
68	1	3
69	1	3
70	1	5
71	1	4
72	1	5
73	2	3
74	2	3
75	1	3
76	2	4
77	1	3
78	2	3
79	2	4
80	2	3
81	2	3
82	1	3
83	2	3
84	2	4
85	2	3
86	1	3
87	2	3
88	1	4
89	1	1
90	2	4
91	2	3
92	1	3
93	2	4
94	2	6
95	1	5
96	2	3
97	2	3
98	1	5
99	2	3
100	1	1
101	2	3
102	1	5
103	2	6
104	1	4
105	1	4
106	1	5
107	2	3
108	2	3
109	2	3
110	1	3
111	1	4
112	1	4
113	1	3
114	1	5
115	2	3
116	2	3
117	2	4
118	1	3
119	1	5
120	2	3
121	1	3
122	2	3
123	2	3
124	2	3
125	2	3
126	1	3
127	0	5
128	1	4
129	1	3
130	1	3
131	2	3
132	2	3
133	2	3
134	1	3
135	2	3
136	1	3
137	1	5
138	1	3
139	1	4
140	1	5
141	2	3
142	2	3
143	1	5
144	1	4
145	2	3
146	2	3
147	2	3
148	2	4
149	1	5
150	2	4
151	1	6
152	2	3
153	2	5
154	2	2
155	2	4
156	1	6
157	1	4
158	2	3
159	1	5
160	1	4
161	1	6
162	2	3
163	2	3
164	1	1
165	2	3
166	1	2
167	2	3
168	2	3
169	1	3
170	1	4
171	1	5
172	1	3
173	2	3
174	1	2
175	1	3
177	1	6
178	1	3
179	1	3
180	1	6
181	2	2
182	2	3
183	1	3
184	1	4
185	1	3
186	1	3
187	2	4
188	2	3
189	2	3
190	1	3
191	1	5
192	2	6
193	1	3
194	1	4
195	0	1
196	2	5
197	2	3
198	2	3
199	2	3
200	1	4
201	1	3
202	1	5
203	2	3
204	1	4
205	1	3
206	1	3
207	1	5
208	1	3
209	2	4
210	1	3
211	2	4
212	2	3
213	2	5
214	2	1
215	1	5
216	2	3
217	2	5
218	1	3
219	1	4
220	1	4
221	2	4
222	2	3
223	1	3
224	2	4
225	2	3
226	2	3
227	1	3
228	1	5
229	2	4
230	1	3
231	1	3
232	1	3
233	1	3
234	1	3
235	1	3
236	1	3
237	1	3
238	2	5
239	1	4
240	1	4
241	1	3
242	1	2
243	2	3
244	2	4
245	2	3
246	1	3
247	2	4
248	1	3
249	1	4
250	1	4
251	1	3
252	1	4
253	1	4
254	1	4
255	1	3
256	1	4
257	1	3
258	2	3
259	1	3
260	2	4
261	2	5
262	2	3
263	1	3
264	2	4
265	2	3
266	1	3
267	2	3
268	1	3
269	1	3
270	1	3
271	1	3
272	2	5
273	2	4
274	1	5
275	2	3
276	1	4
277	2	3
278	1	3
279	1	2
280	1	4
281	1	4
282	1	3
283	2	6
284	1	5
285	2	1
286	1	4
287	1	3
288	2	3
289	1	3
290	2	3
291	2	4
292	1	2
293	1	3
294	1	3
295	1	5
296	1	5
297	1	3
298	1	4
299	1	3
300	2	4
301	2	3
302	2	3
303	1	6
304	2	2
305	2	4
306	2	3
307	1	1
308	1	5
309	2	3
310	1	3
311	1	4
312	1	2
313	2	3
314	1	4
315	1	6
316	2	3
317	2	3
318	2	3
319	1	3
320	2	3
321	1	3
322	1	3
323	2	3
324	2	3
325	2	4
326	2	3
327	1	5
328	0	1
329	1	3
330	1	3
331	2	3
332	1	3
333	1	4
334	2	3
335	1	4
336	1	4
337	2	3
338	2	2
339	2	5
340	1	4
341	2	3
342	1	6
343	1	4
344	2	3
345	2	2
346	1	4
347	2	3
348	1	3
349	1	6
350	1	4
351	2	4
352	1	3
353	1	3
354	2	3
355	1	3
356	1	3
357	1	2
358	2	3
359	2	6
360	1	4
361	2	3
362	2	1
363	2	3
364	1	3
365	2	3
366	2	2
367	1	3
368	1	3
369	1	3
370	1	3
371	1	4
372	1	3
373	2	5
374	1	4
375	1	4
376	1	3
377	2	3
378	2	3
379	1	4
380	1	4
381	1	4
382	2	3
383	1	4
384	1	3
385	1	5
386	2	3
387	1	3
388	1	1
389	1	3
390	1	5
391	2	3
392	1	4
393	1	4
394	1	6
395	1	3
396	0	1
397	2	3
398	1	3
399	2	4
400	1	3
401	2	4
402	2	3
403	2	5
404	1	3
405	2	3
406	2	3
407	2	3
408	1	3
409	2	3
410	2	4
411	1	3
412	1	4
413	1	5
414	1	2
415	1	3
416	1	4
417	2	3
418	2	2
419	2	3
420	1	4
421	2	1
422	2	4
423	2	4
424	1	5
425	1	3
426	2	3
427	1	3
428	2	3
429	1	3
430	1	5
431	1	3
432	1	5
433	1	3
434	1	2
435	1	6
436	1	5
437	1	3
438	2	2
439	2	3
440	2	4
441	2	3
442	1	3
443	2	3
444	2	3
445	2	6
446	1	4
447	1	5
448	2	3
449	2	3
450	1	6
451	1	5
452	1	3
453	1	4
454	1	1
455	2	3
456	1	3
457	1	4
458	2	3
459	1	3
460	1	5
461	2	4
462	2	3
463	1	6
464	2	3
465	2	3
466	2	4
467	1	3
468	2	3
469	2	3
470	1	3
471	2	3
472	2	3
473	1	3
474	2	4
475	2	3
476	1	4
477	1	5
478	1	3
479	1	3
480	2	4
481	1	4
482	1	4
483	2	3
484	1	3
485	1	5
486	1	3
487	2	4
488	1	5
489	2	3
490	1	6
491	1	3
492	2	3
493	1	4
494	1	3
495	1	3
496	1	4
497	2	4
498	0	1
499	2	3
500	2	3
501	2	4
502	1	3
503	2	5
504	1	4
505	2	3
506	1	5
507	1	3
508	2	3
509	1	3
510	2	3
511	2	5
512	2	4
513	1	4
514	2	3
515	2	3
516	1	3
517	1	4
518	1	3
519	2	3
520	1	4
521	2	3
522	1	5
523	1	6
524	1	4
525	1	5
526	1	2
527	1	3
528	1	3
529	1	3
530	1	4
531	1	4
532	1	3
533	2	5
534	1	1
535	1	3
536	1	3
537	1	6
538	1	4
539	1	4
540	2	3
541	2	5
542	1	5
543	1	3
544	2	4
545	1	2
546	2	4
547	1	3
548	1	2
549	1	4
550	1	3
551	2	4
552	2	3
553	1	4
554	2	3
555	1	5
556	2	3
557	2	3
558	2	3
559	1	5
560	1	4
561	2	3
562	1	4
563	1	4
564	2	4
565	1	3
566	2	1
567	1	4
568	1	3
569	2	3
570	1	4
571	1	3
572	1	6
573	1	5
574	1	3
575	2	4
576	1	3
577	2	4
578	1	3
579	2	4
580	2	4
581	1	3
582	1	4
583	2	4
584	2	4
585	2	6
586	2	3
587	2	4
588	1	4
589	1	5
590	1	5
591	1	3
592	2	3
593	1	4
594	1	3
595	1	3
596	1	2
597	1	5
598	2	3
599	2	3
600	2	3
601	1	3
602	2	4
603	1	4
604	1	3
605	2	4
606	2	2
607	1	5
608	1	2
609	1	4
610	2	1
611	1	3
612	2	3
613	1	4
614	1	3
615	2	3
616	1	6
617	2	3
618	2	4
619	1	3
620	1	4
621	2	3
622	2	3
623	2	3
624	2	3
625	1	3
626	1	3
627	1	3
628	1	3
629	1	4
630	2	3
631	1	6
632	1	4
633	2	3
634	1	3
635	2	4
636	2	3
637	1	3
638	2	5
639	2	3
640	1	5
641	2	3
642	1	5
643	2	3
644	2	1
645	2	3
646	1	4
647	1	3
648	1	3
649	1	4
650	1	3
651	1	5
652	2	4
653	1	3
654	2	4
655	1	5
656	2	3
657	1	4
658	2	4
659	1	3
660	2	4
661	1	3
662	1	4
663	2	3
664	1	4
665	2	6
666	1	3
667	2	4
668	2	6
669	1	4
670	0	1
671	1	1
672	2	3
673	1	3
674	2	3
675	1	5
676	2	3
677	2	3
678	1	4
679	2	3
680	2	3
681	1	3
682	2	4
683	2	3
684	1	4
685	1	4
686	1	4
687	2	3
688	1	4
689	1	3
690	2	4
691	1	3
692	1	5
693	1	3
694	2	3
695	1	1
696	2	4
698	1	3
699	1	3
700	1	4
701	1	4
702	1	3
703	2	4
704	1	3
705	1	4
706	2	3
707	2	4
708	2	4
709	2	5
710	1	3
711	1	4
712	1	4
713	2	3
714	2	4
715	2	3
716	2	5
717	2	3
718	1	5
719	1	3
720	1	2
721	1	5
722	2	3
723	2	5
724	1	4
725	1	4
726	2	3
727	1	4
728	1	5
729	2	5
730	1	5
731	2	3
732	2	3
733	2	3
734	2	6
735	1	3
736	1	3
737	1	3
738	2	5
739	2	3
740	1	3
741	2	3
742	1	3
744	2	3
745	1	2
746	1	3
747	1	3
748	2	5
749	1	3
750	2	3
751	1	3
752	2	3
753	1	6
754	1	4
755	1	4
756	0	5
757	1	4
758	1	3
759	2	3
760	1	3
761	2	3
762	1	3
763	2	3
764	1	3
765	1	5
766	1	3
767	1	3
768	1	3
769	2	3
770	1	3
771	1	3
772	2	5
773	1	4
774	1	4
775	1	4
776	1	6
777	1	4
778	1	3
779	2	3
780	1	4
781	1	3
782	1	4
783	2	5
784	1	4
785	2	4
786	2	6
787	1	4
788	1	1
789	1	6
790	1	4
791	2	4
792	2	3
794	1	3
795	1	4
796	2	4
797	1	4
798	1	5
799	2	1
800	1	3
801	2	3
802	1	6
803	1	3
804	2	3
805	1	2
806	1	4
807	1	1
808	2	2
809	1	4
810	2	4
811	1	4
812	1	5
813	2	4
814	2	1
815	1	3
816	1	4
817	2	2
818	1	4
819	1	4
820	1	3
821	1	4
822	1	3
823	2	3
824	1	3
825	1	3
826	1	3
827	2	2
828	1	3
829	2	4
830	1	3
831	1	3
832	1	4
833	1	3
834	1	6
835	2	1
836	1	3
837	2	3
838	2	3
839	2	1
840	1	5
841	1	3
842	1	2
843	1	4
844	1	5
845	1	4
846	1	3
847	2	3
848	1	3
849	2	3
850	1	4
851	1	3
852	1	3
853	1	4
854	1	4
855	1	3
856	2	3
857	2	3
858	1	5
859	1	4
860	1	2
861	1	6
862	1	3
863	2	3
864	2	2
865	1	3
866	1	3
867	1	2
868	1	4
869	1	4
870	2	4
871	1	3
872	2	3
873	2	3
874	1	4
876	1	3
877	1	4
878	1	3
879	2	3
880	1	3
881	1	3
882	0	1
883	1	4
884	1	4
885	0	1
886	1	5
887	2	4
889	1	3
890	1	4
891	1	3
892	1	5
893	2	3
894	1	4
895	1	4
896	2	2
897	2	4
898	1	5
899	2	3
900	1	5
901	2	4
902	2	3
903	1	6
904	2	3
905	1	3
907	2	3
908	1	5
909	2	4
910	1	4
911	2	4
912	1	5
913	2	3
914	1	3
915	1	1
916	2	3
917	2	2
918	2	3
919	1	5
920	2	3
921	1	4
922	1	5
923	2	3
924	2	5
925	2	4
926	1	4
927	1	3
928	1	4
929	1	5
930	1	3
931	1	4
932	1	3
933	2	3
934	1	6
935	1	5
936	2	4
938	2	3
939	1	3
940	1	3
941	2	1
942	2	3
943	1	4
944	1	3
945	2	3
946	1	6
947	1	4
948	2	4
950	1	4
951	1	3
952	2	3
953	1	4
954	1	3
955	1	4
956	2	4
957	1	5
958	1	4
959	1	4
960	1	4
961	2	3
962	1	4
963	0	1
964	1	4
965	2	3
966	2	4
967	1	2
968	2	3
969	2	3
970	2	3
971	2	3
972	1	3
973	1	4
974	1	3
975	2	3
976	2	5
977	2	3
978	1	4
979	2	3
980	1	4
981	2	6
982	1	2
983	1	4
984	2	3
985	1	3
986	2	3
987	1	3
988	1	3
989	1	3
990	1	4
991	2	4
992	1	4
993	1	3
994	1	5
995	1	3
996	1	4
997	1	3
998	2	3
999	2	3
1000	1	3
1001	1	4
1002	1	4
1003	1	4
1004	2	3
1005	1	4
1006	2	6
1007	1	4
1008	1	3
1009	2	3
1010	1	3
1011	1	4
1012	1	1
1013	2	4
1014	1	5
1015	1	4
1016	1	3
1017	1	3
1018	2	3
1019	1	3
1020	2	3
1021	1	5
1022	1	3
1023	1	3
1024	1	5
1025	1	3
1026	1	3
1027	1	3
1028	2	3
1029	2	3
1030	2	5
1031	1	4
1032	1	3
1033	1	5
1034	2	3
1035	1	5
1036	1	5
1037	1	3
1038	2	4
1039	1	3
1040	1	6
1041	2	3
1042	2	4
1043	1	3
1044	1	4
1045	1	3
1046	1	4
1047	2	3
1048	1	5
1049	1	4
1050	2	3
1051	1	6
1052	1	3
1053	2	4
1054	1	5
1055	1	3
1056	1	2
1057	2	3
1058	1	4
1059	1	1
1060	2	4
1061	2	3
1062	1	4
1063	2	3
1064	1	5
1065	1	3
1067	1	4
1068	1	4
1069	2	5
1070	1	3
1071	1	4
1072	2	3
1073	2	3
1074	1	3
1075	1	3
1076	1	5
1077	1	4
1078	1	4
1079	1	4
1080	1	3
1081	2	3
1082	2	2
1083	1	4
1084	1	3
1085	1	3
1086	1	6
1087	2	3
1088	1	3
1089	1	5
1090	1	4
1091	2	4
1092	2	3
1093	1	3
1094	1	4
1095	1	4
1096	1	3
1097	2	5
1098	1	2
1099	1	3
1100	1	4
1101	1	5
1102	1	3
1103	2	3
1104	1	3
1105	1	4
1106	2	3
1107	2	3
1108	2	3
1109	1	2
1110	2	3
1111	2	6
1112	1	3
1113	1	5
1114	1	3
1115	2	6
1116	1	6
1117	1	3
1118	2	3
1119	1	4
1120	1	5
1121	2	3
1122	1	3
1123	1	3
1124	1	3
1125	1	4
1126	1	4
1127	2	3
1128	1	4
1129	2	3
1130	1	1
1131	1	4
1132	2	5
1133	1	3
1134	1	3
1135	2	2
1136	2	3
1137	1	4
1138	1	5
1139	1	3
1140	2	3
1141	2	5
1142	2	3
1143	2	3
1144	2	5
1145	1	6
1146	1	2
1147	1	5
1148	1	3
1149	2	3
1150	2	3
1151	1	3
1152	2	3
1153	1	5
1154	2	3
1155	1	2
1156	1	4
1157	1	2
1158	1	1
1159	1	3
1160	2	3
1161	2	3
1162	1	4
1163	2	4
1164	2	5
1165	2	3
1166	1	4
1167	1	4
1168	2	4
1169	1	3
1170	1	4
1171	2	3
1172	2	3
1173	1	4
1174	2	3
1175	1	6
1176	2	3
1177	2	4
1178	2	4
1179	1	5
1180	1	3
1181	1	4
1182	1	4
1183	2	3
1184	1	3
1185	1	5
1186	1	3
1187	2	4
1188	2	5
1189	1	3
1190	1	4
1191	2	1
1192	1	4
1193	1	3
1194	2	3
1195	2	6
1196	2	3
1197	2	5
1198	2	3
1199	1	3
1200	2	3
1201	1	3
1202	1	5
1203	1	4
1204	1	3
1205	1	4
1206	1	3
1207	1	5
1208	1	4
1209	1	3
1210	2	4
1211	1	3
1212	1	5
1213	1	5
1214	2	3
1215	1	4
1216	1	3
1217	1	2
1218	2	3
1219	2	3
1220	1	3
1221	1	4
1222	2	6
1223	1	4
1224	1	3
1225	2	3
1226	2	3
1227	2	3
1228	1	4
1229	1	4
1230	1	4
1231	2	3
1232	1	4
1233	2	3
1234	2	3
1235	1	3
1236	1	4
1237	1	3
1238	2	3
1239	2	3
1240	1	4
1241	2	3
1242	1	4
1243	1	2
1244	2	3
1245	1	3
1246	2	6
1247	2	3
1248	1	4
1249	1	4
1250	1	5
1251	1	6
1252	1	3
1253	1	4
1254	2	4
1255	2	3
1256	1	3
1258	1	3
1259	2	5
1260	1	4
1261	2	4
1262	1	4
1263	1	2
1264	1	4
1265	1	3
1266	2	2
1267	1	6
1268	1	5
1269	2	4
1270	1	2
1271	1	3
1272	2	3
1273	1	3
1274	1	3
1275	1	3
1276	2	3
1277	1	3
1278	2	1
1279	1	4
1280	1	1
1281	2	5
1282	1	5
1283	2	3
1284	2	5
1285	1	3
1286	2	3
1287	1	2
1288	2	4
1289	1	5
1290	1	4
1291	1	3
1292	2	3
1293	1	3
1294	2	3
1295	2	3
1296	1	4
1297	1	3
1298	1	3
1299	1	6
1300	2	3
1301	1	4
1302	2	2
1303	1	5
1304	1	2
1305	2	3
1306	2	2
1307	2	3
1308	2	2
1309	2	3
1310	1	3
1311	2	3
1312	1	3
1313	1	3
1314	1	5
1315	1	5
1316	2	3
1317	2	3
1318	2	4
1319	1	3
1320	1	5
1321	2	4
1322	1	1
1323	2	2
1324	2	4
1325	1	5
1326	2	3
1327	1	5
1328	1	4
1329	1	5
1330	1	3
1331	1	4
1332	1	4
1333	1	4
1334	2	1
1335	1	5
1336	1	4
1337	1	3
1338	1	4
1339	2	3
1340	2	3
1341	1	5
1342	1	3
1343	1	6
1344	1	3
1345	1	3
1346	1	6
1347	1	4
1348	1	2
1349	2	3
1350	1	4
1351	2	4
1352	2	3
1353	1	3
1354	2	3
1355	1	3
1356	2	3
1357	1	3
1358	1	5
1359	1	3
1360	1	5
1361	1	3
1362	2	4
1363	1	6
1364	1	4
1365	1	1
1366	2	3
1367	1	4
1368	2	4
1369	1	3
1370	1	5
1371	1	4
1372	2	3
1373	1	4
1374	2	6
1375	1	3
1376	1	4
1377	1	3
1378	2	5
1379	1	3
1380	1	3
1381	1	3
1382	1	4
1383	2	3
1384	2	3
1385	1	5
1386	2	5
1387	1	4
1388	2	4
1389	1	3
1390	1	4
1391	2	4
1392	1	3
1393	1	3
1394	2	3
1395	2	1
1396	1	3
1397	1	4
1398	2	3
1399	2	3
1400	1	4
1401	2	4
1402	2	4
1403	2	3
1404	1	3
1405	2	4
1406	1	4
1407	2	1
1408	2	3
1409	2	4
1410	2	1
1411	2	1
1412	2	6
1413	1	3
1414	2	4
1415	2	3
1416	1	2
1417	2	3
1418	2	3
1419	1	1
1420	2	3
1421	1	4
1422	1	3
1423	1	3
1424	1	1
1425	2	4
1426	1	3
1427	2	4
1428	2	3
1429	2	3
1430	1	4
1431	0	1
1432	2	3
1433	2	3
1434	2	3
1435	1	5
1436	2	4
1437	1	3
1438	1	3
1439	1	4
1440	1	3
1441	1	5
1442	1	3
1443	2	3
1444	2	2
1445	2	6
1446	1	5
1447	1	2
1448	2	5
1449	1	4
1450	2	3
1451	2	3
1452	1	4
1453	1	4
1454	1	3
1455	2	2
1456	1	6
1457	2	3
1458	1	4
1459	1	4
1460	1	3
1461	2	3
1462	1	1
1463	1	3
1464	1	3
1465	2	3
1466	2	3
1467	2	4
1468	2	4
1469	1	3
1470	1	3
1471	1	3
1472	1	4
1473	1	4
1474	2	3
1475	2	4
1476	2	4
1477	2	3
1478	2	3
1479	1	3
1480	2	4
1481	1	4
1482	2	4
1483	1	2
1484	2	4
1485	2	5
1486	2	5
1487	2	4
1488	2	3
1489	1	4
1490	1	6
1491	1	4
1492	2	3
1493	2	3
1494	2	4
1495	2	3
1496	1	3
1497	1	3
1498	1	3
1499	1	3
1500	1	3
1501	1	2
1502	2	2
1503	2	1
1504	1	4
1505	1	3
1506	1	6
1507	1	3
1508	1	3
1509	2	4
1510	1	4
1511	1	3
1512	1	5
1513	1	5
1514	2	4
1515	2	4
1516	1	3
1517	1	2
1518	1	4
1519	1	2
1520	1	5
1521	2	6
1522	1	5
1523	2	4
1524	1	5
1525	1	5
1526	2	5
1527	2	5
1528	2	4
1529	2	3
1530	1	2
1531	1	6
1532	1	4
1533	2	3
1534	1	3
1535	2	5
1536	1	1
1538	1	3
1539	1	4
1540	2	3
1541	2	2
1542	1	4
1543	1	4
1544	2	1
1545	1	3
1546	2	4
1547	1	2
1548	2	4
1549	2	2
1550	1	3
1551	1	3
1552	1	5
1553	2	6
1554	2	3
1555	1	1
1556	1	3
1557	1	4
1558	1	3
1559	1	3
1560	1	3
1561	1	3
1562	2	2
1563	2	3
1564	2	4
1565	2	4
1566	1	3
1567	1	4
1568	0	1
1569	2	1
1570	1	4
1571	1	5
1572	1	4
1573	2	3
1574	1	4
1575	2	3
1576	1	4
1577	1	4
1578	1	2
1579	1	2
1580	1	1
1581	1	6
1582	1	4
1583	2	2
1584	1	2
1585	1	3
1586	1	2
1587	2	4
1588	2	3
1589	1	4
1590	1	2
1591	1	5
1592	2	3
1593	2	2
1594	1	3
1595	1	5
1596	2	5
1597	1	1
1598	0	1
1599	2	3
1600	1	4
1601	1	4
1602	2	1
1603	1	3
1604	2	4
1605	2	4
1606	1	1
1607	1	3
1608	1	3
1609	1	2
1610	2	3
1611	1	3
1612	2	3
1613	2	5
1614	1	6
1615	2	3
1616	2	3
1617	1	3
1618	1	4
1619	1	3
1620	2	3
1621	1	4
1622	1	4
1623	1	3
1624	2	3
1625	2	3
1626	1	3
1627	2	2
1628	1	4
1629	1	5
1630	2	5
1631	1	5
1632	1	4
1633	1	4
1634	1	4
1635	1	6
1636	1	3
1637	2	1
1638	1	4
1639	1	3
1640	2	3
1641	1	3
1642	1	4
1643	1	3
1644	1	5
1645	1	4
1646	1	3
1647	2	3
1648	2	3
1649	1	6
1650	1	5
1651	1	3
1652	1	2
1653	1	6
1654	2	3
1655	2	3
1656	1	3
1657	1	3
1658	1	4
1659	2	4
1660	2	3
1661	1	3
1662	0	4
1663	2	3
1664	1	4
1665	1	3
1666	2	3
1667	1	3
1668	1	3
1669	1	4
1670	1	4
1671	1	3
1672	1	4
1673	1	6
1674	1	5
1675	1	1
1676	1	4
1677	1	4
1678	1	5
1679	1	4
1680	2	4
1681	1	5
1682	1	3
1683	1	5
1684	1	4
1685	2	4
1686	2	5
1687	1	4
1688	1	4
1689	1	3
1690	1	3
1691	1	3
1692	1	6
1693	1	4
1694	2	4
1695	1	3
1696	1	4
1697	1	3
1698	2	3
1699	1	1
1700	1	3
1701	2	5
1702	1	4
1703	2	3
1704	2	3
1705	1	4
1706	1	3
1707	1	3
1708	1	4
1709	2	4
1710	1	5
1711	2	3
1712	1	3
1713	1	4
1714	2	3
1715	1	6
1716	1	4
1717	1	3
1718	2	5
1719	1	4
1720	1	1
1721	1	2
1722	1	6
1723	1	6
1724	1	4
1725	1	3
1726	1	3
1727	1	2
1728	2	3
1729	1	1
1730	2	3
1731	1	1
1732	1	5
1733	1	3
1734	1	4
1735	2	4
1736	1	3
1737	2	4
1738	1	5
1739	2	5
1740	1	6
1741	2	2
1742	1	4
1743	1	4
1744	1	6
1745	1	3
1746	2	4
1747	2	3
1748	1	4
1749	1	5
1750	2	1
1751	1	4
1752	1	5
1753	1	3
1754	1	3
1755	2	6
1756	2	6
1757	1	4
1758	1	3
1759	1	3
1760	2	4
1761	1	4
1762	1	3
1763	1	4
1764	2	6
1765	1	2
1766	1	1
1767	1	3
1768	1	3
1769	1	3
1770	1	3
1771	1	3
1772	1	4
1773	2	2
1774	2	5
1775	0	1
1776	1	4
1777	2	3
1778	1	1
1779	1	4
1780	2	4
1781	2	4
1782	1	2
1783	1	3
1784	1	3
1785	1	1
1786	2	4
1787	1	3
1788	1	4
1789	2	6
1790	1	3
1791	1	5
1792	1	3
1793	2	3
1794	1	3
1795	2	4
1796	2	3
1797	2	5
1798	2	3
1799	1	1
1800	2	4
1801	1	3
1802	2	3
1803	1	4
1804	1	2
1805	1	3
1806	2	4
1807	2	3
1808	2	4
1809	1	3
1810	1	1
1811	1	3
1812	1	3
1813	1	3
1814	1	3
1815	2	3
1816	1	2
1817	2	2
1818	2	1
1819	1	4
1820	2	3
1821	2	3
1822	1	2
1823	1	4
1824	1	3
1825	1	3
1826	1	4
1827	1	3
1828	1	6
1830	1	1
1831	1	4
1832	1	2
1833	2	4
1834	2	5
1835	1	4
1836	1	6
1837	1	4
1838	1	3
1839	1	3
1840	1	6
1841	2	5
1842	1	5
1843	2	3
1844	2	3
1845	2	3
1846	1	5
1847	1	4
1848	2	5
1849	2	4
1850	1	2
1851	1	3
1852	2	2
1853	2	3
1854	2	4
1855	1	3
1856	1	2
1857	2	5
1858	1	3
1859	1	3
1860	2	4
1861	1	4
1862	2	3
1863	1	3
1864	1	3
1865	1	3
1866	1	3
1867	1	3
1869	2	3
1870	2	3
1871	1	3
1872	1	3
1873	2	4
1874	2	3
1875	1	5
1876	2	5
1877	1	3
1878	1	4
1879	1	4
1880	2	4
1881	2	2
1882	1	2
1883	1	4
1885	2	4
1886	1	4
1887	2	4
1888	1	3
1889	2	3
1890	2	3
1891	1	3
1892	1	4
1893	1	4
1894	1	3
1895	1	3
1896	2	3
1897	1	3
1898	1	3
1899	2	4
1900	2	3
1901	1	4
1902	1	3
1903	1	4
1904	1	4
1905	2	3
1906	1	5
1907	2	3
1908	2	4
1909	2	3
1910	2	6
1911	1	4
1912	1	2
1913	1	5
1914	1	5
1915	2	3
1916	1	5
1917	1	3
1918	1	6
1919	2	1
1920	2	3
1921	2	3
1922	1	3
1923	1	2
1924	1	4
1925	1	4
1926	1	3
1927	2	3
1929	2	4
1930	2	4
1931	1	4
1932	1	3
1933	1	6
1934	2	3
1935	1	4
1936	2	4
1937	1	4
1938	1	3
1939	1	3
1940	1	2
1941	1	3
1942	2	5
1943	2	3
1944	1	4
1945	2	4
1946	1	5
1947	2	3
1948	1	4
1949	1	4
1951	2	4
1952	1	3
1953	1	3
1954	1	4
1955	1	1
1956	1	4
1957	1	6
1958	1	4
1959	1	4
1960	2	3
1961	1	4
1962	2	4
1963	2	6
1964	1	5
1965	1	2
1966	2	3
1967	1	3
1968	2	4
1969	1	3
1970	1	3
1971	1	2
1972	2	4
1973	1	4
1974	2	3
1975	2	3
1976	1	3
1977	1	5
1978	2	4
1979	2	6
1980	2	5
1981	1	4
1982	2	4
1983	1	3
1984	2	4
1985	1	1
1986	1	2
1987	1	2
1988	1	2
1989	2	3
1990	1	3
1991	1	3
1992	1	3
1993	1	3
1994	1	3
1995	1	3
1996	1	3
1997	1	2
1998	1	4
2000	1	3
2001	1	3
2002	1	4
2003	1	6
2004	1	3
2005	1	3
2006	2	2
2007	1	4
2008	2	6
2009	2	3
2010	1	3
2011	1	3
2012	2	3
2013	1	6
2014	2	5
2015	2	3
2016	1	3
2017	2	3
2018	1	4
2019	2	3
2020	1	5
2021	1	2
2022	2	5
2023	1	3
2024	1	6
2025	1	3
2026	1	2
2027	2	4
2028	1	3
2029	1	4
2030	1	4
2031	1	3
2032	1	4
2033	2	4
2034	1	3
2035	1	3
2036	1	4
2037	1	4
2038	1	2
2039	1	3
2040	1	3
2041	1	3
2043	1	4
2044	1	5
2046	1	5
2047	2	5
2048	1	5
2049	2	3
2050	1	4
2051	1	4
2052	1	4
2053	2	3
2054	1	5
2055	1	5
2056	1	6
2057	2	3
2058	1	3
2059	2	5
2060	1	2
2061	1	5
2062	1	4
2063	2	4
2064	2	4
2065	1	3
2066	1	5
2067	2	4
2068	2	6
2069	2	3
2070	2	1
2071	2	4
2072	1	2
2073	2	3
2074	2	4
2075	1	3
2076	1	5
2077	2	3
2078	1	3
2079	1	2
2080	1	3
2081	1	5
2082	2	4
2083	2	3
2084	1	3
2085	1	3
2086	1	4
2087	2	3
2088	2	3
2089	1	6
2090	1	4
2091	1	4
2092	2	3
2093	1	5
2094	2	3
2095	2	3
2096	1	3
2097	1	3
2098	1	4
2099	1	2
2100	1	4
2101	1	4
2102	2	5
2103	1	3
2104	2	4
2105	1	6
2106	1	3
2107	1	3
2108	2	4
2109	1	4
2110	0	1
2111	1	4
2112	1	6
2113	2	2
2114	1	4
2115	1	5
2116	1	3
2117	1	4
2118	1	3
2119	1	2
2120	2	3
2121	2	3
2122	2	3
2123	1	4
2124	1	3
2125	2	3
2126	2	4
2127	2	4
2128	2	5
2129	1	3
2130	1	3
2131	1	3
2132	2	3
2133	2	3
2134	1	3
2135	1	3
2136	1	3
2137	1	4
2138	1	5
2139	1	2
2140	1	4
2141	2	3
2142	2	3
2143	1	3
2144	2	4
2145	1	3
2146	1	4
2147	2	3
2148	1	3
2149	1	3
2150	1	3
2151	2	3
2152	1	4
2153	1	3
2154	2	5
2155	1	3
2156	1	3
2157	2	5
2158	2	1
2159	1	3
2160	1	3
2161	2	3
2162	1	2
2163	2	3
2164	1	4
2165	2	4
2166	1	3
2167	1	4
2168	1	3
2169	1	4
2170	2	3
2171	1	2
2172	2	3
2173	1	3
2174	2	3
2175	2	4
2176	1	2
2177	1	3
2178	1	3
2179	2	1
2180	2	4
2181	1	4
2182	1	4
2183	1	4
2184	2	3
2185	1	3
2186	1	5
2187	1	3
2188	2	3
2189	2	5
2190	1	4
2191	1	5
2192	2	3
2193	1	4
2194	1	4
2195	2	3
2196	1	5
2197	2	3
2198	1	3
2199	1	5
2200	2	4
2201	1	3
2202	2	6
2203	1	3
2204	1	6
2205	1	5
2206	1	5
2207	1	4
2208	2	1
2209	1	1
2210	1	4
2211	2	5
2212	1	4
2213	1	5
2214	2	3
2215	1	3
2216	1	4
2217	2	3
2218	1	4
2219	1	4
2220	2	3
2221	1	3
2222	1	3
2223	2	4
2224	1	4
2225	1	3
2226	1	3
2227	1	2
2228	2	6
2229	2	3
2230	2	4
2231	2	3
2232	1	3
2233	0	1
2234	2	3
2235	1	2
2236	1	3
2237	1	4
2238	2	3
2239	1	3
2240	1	4
2241	2	4
2242	2	5
2243	1	4
2244	1	3
2245	2	5
2246	1	4
2247	1	4
2248	2	3
2249	1	3
2250	1	5
2251	1	3
2252	1	5
2253	1	3
2254	1	3
2255	1	3
2256	2	2
2257	1	2
2258	1	3
2259	1	4
2260	1	6
2261	2	6
2262	1	4
2263	1	3
2264	1	3
2265	1	3
2266	2	3
2267	2	1
2268	1	3
2269	1	4
2270	1	1
2271	1	5
2272	2	3
2273	2	3
2274	2	4
2275	1	3
2276	1	5
2277	1	3
2278	2	4
2279	2	3
2280	1	2
2281	1	4
2282	1	6
2283	2	3
2284	2	5
2285	1	4
2286	2	5
2287	1	3
2288	1	3
2289	2	4
2290	1	3
2291	1	5
2292	1	3
2293	1	1
2294	1	5
2295	1	3
2296	1	4
2297	1	5
2298	2	3
2299	2	2
2300	1	3
2301	1	5
2302	2	3
2303	2	4
2304	1	3
2305	2	3
2306	1	3
2307	1	4
2308	2	4
2309	1	4
2310	1	4
2311	2	3
2312	2	3
2313	1	1
2314	2	3
2315	2	1
2316	1	3
2317	2	5
2318	1	3
2319	2	5
2320	2	1
2321	2	4
2322	1	5
2323	1	2
2324	2	2
2325	2	2
2326	1	3
2327	1	3
2328	1	2
2329	2	3
2330	1	3
2331	1	4
2332	1	5
2333	1	3
2334	1	3
2335	1	3
2336	2	3
2337	1	4
2338	1	3
2339	1	6
2340	1	3
2341	2	5
2342	2	4
2343	2	3
2344	1	3
2345	1	3
2346	1	3
2347	2	3
2348	1	4
2349	1	4
2350	2	4
2351	2	3
2352	1	4
2353	0	1
2354	2	3
2355	1	1
2356	1	4
2357	2	4
2358	1	4
2359	1	3
2360	1	4
2361	2	3
2362	1	6
2363	2	3
2364	1	3
2365	1	1
2366	2	4
2367	1	4
2368	1	2
2369	1	4
2370	2	3
2371	2	4
2372	1	4
2373	2	4
2374	2	2
2375	2	5
2376	1	6
2377	1	2
2378	2	3
2379	1	3
2380	1	4
2381	1	4
2382	1	4
2383	1	4
2384	2	6
2385	1	2
2386	2	3
2387	1	3
2388	1	5
2389	2	3
2390	1	1
2391	1	5
2392	1	3
2393	1	3
2394	1	4
2395	1	3
2396	1	1
2397	1	3
2398	2	3
2399	1	3
2400	1	1
2401	1	4
2402	1	4
2403	1	3
2404	1	3
2405	1	3
2406	1	2
2407	2	3
2408	2	4
2409	1	4
2410	1	3
2411	1	5
2412	2	3
2413	2	4
2414	1	3
2415	1	5
2416	1	3
2417	1	4
2418	2	4
2419	2	3
2420	1	3
2421	2	4
2422	1	3
2423	2	3
2424	1	5
2425	2	5
2426	2	3
2427	1	6
2428	1	4
2429	2	3
2430	1	5
2431	1	3
2432	1	4
2433	1	3
2434	2	3
2435	1	3
2436	1	4
2437	1	4
2438	1	1
2439	2	3
2440	1	3
2441	1	3
2442	1	2
2443	1	6
2444	1	3
2445	1	3
2446	1	3
2447	2	5
2448	1	3
2449	1	5
2450	1	3
2451	1	5
2452	1	3
2453	2	3
2454	1	3
2455	2	5
2456	1	3
2457	0	1
2458	1	5
2459	2	1
2460	1	4
2461	1	6
2462	1	3
2463	1	4
2464	2	3
2465	2	3
2466	2	3
2467	1	4
2468	1	3
2469	2	3
2470	1	3
2471	1	4
2472	2	3
2473	2	4
2474	1	3
2475	2	3
2476	2	3
2477	2	5
2478	1	6
2479	1	4
2480	1	3
2481	2	1
2482	1	5
2483	2	4
2484	1	4
2485	1	3
2486	1	3
2487	2	3
2488	1	4
2489	1	4
2490	1	3
2491	2	6
2492	1	4
2493	1	2
2494	2	5
2495	1	3
2496	1	2
2497	1	3
2498	1	4
2499	1	1
2500	2	3
2501	2	3
2502	1	4
2503	2	2
2504	1	3
2505	1	4
2506	2	6
2507	2	3
2508	1	4
2509	1	3
2510	1	6
2511	1	3
2512	1	6
2513	1	3
2514	2	3
2515	1	2
2516	1	4
2517	1	4
2518	2	4
2519	1	5
2520	1	2
2521	2	3
2522	1	3
2523	1	4
2524	1	3
2525	1	3
2526	1	3
2527	1	4
2528	1	3
2529	1	3
2530	2	4
2531	2	3
2532	2	4
2533	1	4
2534	1	3
2535	1	4
2536	1	2
2537	2	4
2538	1	3
2539	2	4
2540	1	3
2541	2	3
2542	1	3
2543	2	2
2544	2	3
2545	1	4
2546	1	1
2547	1	3
2548	2	4
2549	2	4
2550	2	4
2551	1	3
2552	1	3
2553	1	3
2554	2	2
2555	1	2
2556	2	4
2557	1	3
2558	1	4
2559	2	3
2560	2	3
2562	1	4
2563	1	3
2564	1	3
2565	2	5
2566	2	4
2567	1	4
2568	1	2
2569	1	6
2570	1	3
2571	0	1
2572	1	3
2573	1	4
2574	2	3
2575	1	4
2576	1	2
2577	1	3
2578	1	1
2579	2	3
2580	1	3
2581	1	5
2582	1	4
2583	2	4
2584	1	4
2585	1	4
2586	2	4
2587	1	3
2588	1	3
2589	1	4
2590	2	4
2591	1	3
2592	2	4
2593	2	4
2594	2	5
2595	1	4
2596	1	4
2597	2	5
2598	1	4
2599	1	5
2600	1	4
2601	2	4
2602	2	1
2603	1	3
2604	1	5
2605	1	3
2606	1	3
2607	1	4
2608	1	5
2609	1	2
2610	0	1
2611	1	3
2612	1	1
2613	1	3
2614	1	6
2615	1	3
2616	1	4
2617	2	3
2618	1	4
2619	1	3
2620	1	3
2621	2	2
2622	2	5
2623	2	3
2624	1	3
2625	2	1
2626	2	3
2627	1	4
2628	1	3
2629	1	4
2630	1	5
2631	2	3
2632	2	3
2633	1	3
2634	1	5
2635	1	5
2636	1	3
2637	1	5
2638	2	5
2639	1	4
2640	1	4
2641	1	3
2642	1	3
2643	2	4
2644	1	3
2645	2	4
2646	1	4
2647	1	3
2648	2	3
2649	1	3
2650	1	3
2651	1	4
2652	2	3
2653	1	4
2654	2	4
2655	2	3
2656	1	3
2657	2	3
2658	1	3
2659	1	4
2660	1	5
2661	2	1
2662	1	3
2663	1	3
2664	1	3
2665	1	4
2666	1	4
2667	2	3
2668	2	3
2669	1	3
2670	1	5
2671	1	3
2672	1	2
2673	2	3
2674	1	3
2675	2	4
2676	1	3
2677	2	3
2678	1	5
2679	1	3
2680	2	3
2681	2	4
2682	1	3
2683	1	3
2684	1	6
2686	0	1
2687	1	4
2688	1	1
2689	2	6
2690	1	2
2691	1	5
2692	1	4
2693	1	3
2694	1	3
2695	0	5
2696	2	2
2697	2	4
2698	1	2
2699	1	3
2700	2	5
2701	1	3
2702	0	1
2703	2	3
2704	1	2
2705	2	3
2706	1	1
2707	1	6
2708	1	3
2709	1	5
2710	1	4
2711	1	3
2712	2	2
2713	2	3
2714	1	4
2715	2	3
2716	1	3
2717	1	3
2718	1	3
2719	1	3
2720	1	3
2721	1	2
2722	2	4
2723	1	3
2724	1	3
2725	1	4
2726	1	4
2727	1	2
2728	2	3
2729	2	3
2730	2	2
2731	1	3
2732	1	3
2733	1	4
2734	2	3
2735	1	4
2736	1	5
2737	1	3
2738	1	6
2739	1	3
2740	2	4
2741	1	3
2742	1	3
2743	1	4
2744	1	4
2745	1	5
2746	2	3
2747	2	3
2748	2	5
2749	2	3
2750	1	3
2751	1	4
2752	1	5
2753	2	6
2754	1	5
2755	1	3
2756	2	3
2757	1	4
2758	1	3
2759	1	4
2760	1	3
2761	1	3
2762	1	4
2763	1	3
2765	1	4
2766	1	5
2767	1	5
2768	1	5
2769	2	1
2770	1	4
2771	1	3
2772	1	4
2773	1	3
2774	2	3
2775	2	3
2776	1	4
2777	2	4
2778	2	3
2779	1	3
2780	1	4
2781	1	5
2782	1	4
2783	1	4
2784	1	4
2785	1	3
2786	2	3
2787	1	3
2788	1	3
2789	1	4
2790	1	3
2791	2	3
2792	2	5
2793	2	4
2794	1	3
2795	1	3
2796	2	4
2797	2	5
2798	2	6
2799	2	3
2800	2	3
2801	2	3
2802	1	3
2803	1	3
2804	1	3
2805	2	3
2806	2	4
2807	2	4
2808	2	3
2809	2	4
2810	1	2
2811	1	4
2812	2	5
2813	1	4
2814	1	3
2815	1	3
2816	1	3
2817	1	3
2818	1	2
2819	1	3
2820	1	3
2821	1	3
2822	2	3
2823	1	4
2824	1	4
2825	1	4
2826	1	4
2827	1	3
2828	1	4
2829	1	4
2830	1	4
2831	1	4
2832	1	4
2833	2	3
2834	2	3
2835	1	3
2836	2	3
2837	1	2
2838	1	4
2839	1	1
2840	1	6
2841	1	3
2842	1	5
2843	2	3
2844	2	3
2845	2	3
2846	1	4
2847	1	4
2848	1	3
2849	1	3
2850	1	2
2851	1	3
2852	1	5
2853	1	3
2854	1	3
2855	2	4
2856	1	4
2857	2	3
2858	2	1
2859	2	6
2860	1	3
2861	2	3
2862	2	3
2863	1	3
2864	2	3
2865	2	4
2866	1	4
2867	1	5
2868	1	3
2869	2	3
2870	1	3
2871	1	6
2872	1	5
2873	1	6
2874	1	5
2875	2	3
2876	1	3
2877	1	4
2878	1	3
2879	2	4
2880	2	3
2881	1	3
2882	1	5
2883	1	4
2884	1	3
2885	1	3
2886	2	4
2887	1	4
2888	1	4
2889	1	5
2890	1	1
2891	1	3
2892	2	3
2893	1	4
2894	1	3
2895	1	4
2896	2	4
2897	1	5
2898	2	3
2899	1	4
2900	1	3
2901	2	4
2902	1	4
2903	1	3
2904	1	4
2905	1	4
2906	1	5
2908	1	5
2909	1	6
2910	1	6
2911	2	3
2912	1	4
2913	2	3
2914	2	3
2915	1	3
2916	2	3
2917	1	4
2918	1	4
2919	2	3
2920	2	4
2921	1	4
2922	1	4
2923	1	3
2924	1	3
2925	2	3
2926	1	4
2927	2	4
2928	1	4
2929	1	5
2930	1	5
2931	1	3
2932	1	4
2933	1	2
2934	1	1
2935	2	2
2936	1	5
2937	2	5
2938	1	1
2939	1	3
2940	2	3
2941	2	3
2942	2	3
2943	1	3
2944	1	1
2945	2	3
2946	1	6
2947	1	3
2948	1	5
2949	2	5
2950	1	4
2951	1	3
2952	2	3
2953	2	4
2954	1	2
2955	1	4
2956	1	3
2957	1	5
2958	1	5
2959	1	3
2960	2	3
2961	2	4
2962	2	4
2963	2	3
2964	1	5
2965	2	4
2966	1	3
2967	2	3
2968	1	1
2969	1	3
2971	2	4
2972	2	5
2973	2	1
2974	1	5
2975	1	3
2976	1	3
2977	1	2
2978	2	3
2979	2	3
2980	0	1
2981	1	5
2982	1	5
2983	2	3
2984	1	3
2985	2	3
2986	1	3
2987	2	3
2988	1	3
2989	2	3
2990	2	3
2991	2	5
2992	2	2
2993	2	3
2994	0	1
2995	1	3
2997	2	3
2998	1	4
2999	2	4
3000	1	4
3001	1	4
3002	1	5
3003	1	3
3004	1	2
3005	2	3
3006	1	3
3007	2	3
3008	2	6
3009	1	3
3010	2	5
3011	1	4
3012	1	4
3013	1	3
3014	1	3
3015	1	4
3016	1	4
3017	1	2
3018	1	4
3019	1	3
3020	2	3
3021	2	1
3022	2	3
3023	2	4
3024	1	3
3025	1	3
3026	1	2
3027	1	3
3028	1	3
3029	1	3
3030	1	5
3031	1	3
3032	2	3
3033	1	3
3034	2	3
3035	1	3
3036	2	3
3037	1	5
3038	1	3
3039	1	5
3040	1	3
3041	2	4
3042	1	2
3043	1	5
3044	2	6
3045	2	6
3046	1	1
3047	2	3
3048	2	4
3049	2	3
3050	2	3
3051	1	3
3052	1	3
3053	1	3
3054	1	4
3055	1	4
3056	2	4
3057	1	3
3058	1	4
3059	1	4
3060	2	4
3061	1	3
3062	2	5
3063	1	5
3064	1	3
3065	2	3
3066	1	3
3067	2	4
3068	1	2
3069	2	4
3070	1	4
3071	1	3
3072	1	4
3073	1	3
3074	1	3
3075	1	3
3076	2	5
3077	1	3
3078	1	4
3079	1	5
3080	1	3
3081	2	3
3082	2	2
3083	1	2
3084	2	3
3085	1	4
3086	1	4
3087	1	3
3088	1	3
3089	2	3
3090	1	2
3091	1	3
3092	2	3
3093	1	3
3094	1	3
3095	2	3
3096	1	2
3097	1	2
3098	2	4
3099	2	3
3100	1	3
3101	1	3
3102	2	4
3103	1	3
3104	2	3
3105	1	1
3106	2	1
3107	2	6
3108	2	5
3109	2	3
3110	2	3
3111	1	4
3112	2	3
3113	2	3
3114	1	4
3115	1	3
3116	1	4
3117	1	4
3118	2	3
3119	2	3
3120	1	3
3121	1	2
3122	1	3
3123	1	3
3124	1	4
3125	1	3
3126	1	5
3127	2	4
3128	2	5
3129	1	3
3130	2	4
3131	1	3
3132	1	4
3133	2	4
3134	2	4
3135	2	4
3136	1	3
3137	1	3
3138	1	3
3139	1	6
3140	2	5
3141	1	1
3142	2	2
3143	1	6
3144	1	4
3145	1	4
3146	1	3
3147	2	3
3148	1	5
3149	0	1
3150	2	3
3151	2	3
3152	1	5
3153	2	3
3154	2	2
3155	2	5
3156	1	5
3157	1	3
3158	2	3
3159	2	3
3160	1	5
3161	2	4
3162	2	3
3163	1	3
3164	1	4
3165	1	4
3166	2	3
3167	1	2
3168	1	4
3169	2	1
3170	2	4
3171	1	4
3172	1	5
3173	1	5
3174	1	4
3175	1	4
3176	1	5
3177	1	4
3178	1	6
3179	2	5
3180	2	1
3181	1	3
3182	1	4
3183	2	4
3184	1	3
3185	2	4
3186	2	3
3187	1	3
3188	1	4
3189	1	2
3190	1	3
3191	2	3
3192	2	5
3193	1	3
3194	1	2
3195	1	2
3196	2	4
3197	1	4
3198	1	4
3199	1	5
3200	1	3
3201	2	3
3202	1	3
3203	2	5
3204	1	4
3205	1	1
3206	2	3
3207	2	5
3208	1	3
3209	0	1
3210	1	3
3211	1	2
3212	2	2
3213	2	3
3214	1	5
3215	2	4
3216	2	3
3217	1	3
3218	1	2
3219	2	3
3220	1	3
3221	2	4
3222	1	4
3223	1	4
3224	1	4
3225	1	4
3226	2	3
3227	1	4
3228	2	5
3229	2	3
3230	1	4
3231	1	4
3232	2	5
3233	2	3
3234	2	3
3235	1	5
3236	2	3
3237	1	4
3238	1	3
3239	1	4
3240	1	4
3241	1	2
3242	2	3
3243	1	3
3244	2	4
3245	1	4
3246	1	4
3247	1	3
3248	1	4
3249	1	3
3250	0	6
3251	1	3
3252	1	4
3253	1	3
3254	2	4
3255	1	4
3256	2	3
3257	1	2
3258	2	4
3259	1	4
3260	2	4
3261	2	3
3262	1	3
3263	1	4
3264	1	6
3265	1	5
3266	2	4
3267	2	3
3268	1	4
3269	1	3
3270	1	5
3271	2	4
3272	1	4
3273	2	3
3274	1	5
3275	1	3
3276	1	5
3277	1	6
3278	2	3
3279	2	3
3280	1	3
3281	1	3
3282	1	2
3283	2	4
3284	1	4
3285	2	5
3286	2	3
3287	2	6
3288	2	5
3289	2	4
3290	1	4
3291	1	3
3292	1	3
3293	2	4
3294	2	3
3295	2	3
3296	2	1
3297	1	4
3298	2	3
3299	1	3
3300	1	2
3301	1	4
3302	1	3
3303	1	3
3304	1	4
3305	2	5
3306	2	4
3307	1	5
3308	2	2
3309	2	5
3310	1	4
3311	1	4
3312	1	4
3313	2	3
3314	1	5
3315	1	4
3316	1	4
3317	1	5
3318	2	3
3319	1	1
3320	2	3
3321	1	4
3322	1	5
3323	1	2
3324	1	6
3325	1	3
3326	1	3
3327	1	4
3328	2	4
3329	1	3
3330	2	3
3331	2	3
3332	2	4
3333	1	4
3334	2	1
3335	2	4
3336	1	2
3337	2	3
3338	1	4
3339	1	4
3340	1	3
3341	1	4
3342	2	4
3343	0	1
3344	1	3
3345	1	3
3346	1	4
3347	1	3
3348	1	1
3349	2	4
3350	1	6
3351	1	4
3352	0	1
3353	1	1
3354	1	4
3355	1	6
3356	1	3
3357	1	5
3358	1	4
3359	1	4
3360	2	3
3361	1	3
3362	1	3
3363	1	3
3364	1	3
3365	2	6
3366	1	3
3367	1	1
3368	1	1
3369	1	3
3370	2	4
3371	2	4
3372	1	4
3373	1	3
3374	1	4
3375	1	4
3376	1	3
3377	1	5
3378	2	5
3379	1	4
3380	2	4
3381	1	3
3382	2	4
3383	2	4
3384	2	3
3385	2	4
3386	1	4
3387	1	4
3388	1	3
3389	2	3
3390	1	3
3391	2	3
3392	2	3
3393	1	2
3394	1	4
3395	2	3
3396	2	5
3397	1	2
3398	2	6
3399	1	5
3400	2	1
3401	2	3
3402	2	2
3403	1	5
3404	1	2
3405	1	3
3406	2	3
3407	2	3
3408	1	5
3409	1	3
3410	1	5
3411	2	3
3412	1	5
3413	2	3
3414	1	4
3415	1	6
3416	1	4
3417	2	4
3418	1	3
3419	1	4
3420	2	3
3421	2	4
3422	1	4
3423	2	4
3424	2	3
3425	1	4
3426	2	3
3427	2	4
3428	1	4
3429	2	4
3430	2	3
3431	1	4
3432	2	4
3433	2	3
3434	1	3
3435	1	4
3436	2	4
3437	1	4
3438	1	3
3439	2	3
3440	2	3
3441	1	3
3442	2	3
3443	1	4
3444	1	6
3445	2	2
3446	1	4
3447	1	4
3448	1	3
3449	2	3
3450	2	3
3451	2	3
3452	1	5
3453	1	4
3454	2	3
3455	1	5
3456	2	4
3457	2	3
3458	1	4
3459	2	3
3460	1	5
3461	2	4
3462	1	3
3463	1	3
3464	2	3
3465	1	4
3466	1	3
3467	2	4
3468	2	5
3469	1	4
3470	1	3
3471	1	6
3472	2	4
3473	1	4
3474	2	4
3475	2	3
3476	2	6
3477	1	3
3478	1	3
3479	1	4
3480	2	3
3481	1	4
3482	1	4
3483	2	3
3484	2	3
3485	1	4
3486	2	4
3487	1	6
3488	1	1
3489	2	4
3490	1	4
3491	1	2
3492	1	3
3493	1	5
3494	1	4
3495	1	3
3496	2	6
3497	2	4
3498	2	3
3499	2	3
3500	1	4
3501	1	4
3502	1	3
3503	1	3
3504	1	4
3505	1	4
3506	1	5
3507	1	2
3508	2	3
3509	0	1
3510	1	3
3511	2	3
3512	1	4
3513	1	4
3514	1	1
3515	2	4
3516	2	3
3517	1	2
3518	1	2
3519	1	4
3520	2	3
3521	2	4
3522	1	5
3523	1	4
3524	1	4
3525	2	4
3526	1	3
3527	1	4
3528	1	3
3529	1	6
3530	2	4
3531	2	6
3532	2	2
3533	1	4
3534	1	4
3535	2	4
3536	1	3
3537	1	4
3538	1	2
3539	2	2
3540	1	3
3541	1	5
3542	2	2
3543	1	2
3544	2	3
3545	2	3
3546	1	3
3547	1	3
3548	2	3
3549	1	5
3550	2	4
3551	1	3
3552	1	5
3553	1	5
3554	2	5
3555	1	4
3556	2	3
3557	1	3
3558	2	2
3559	1	3
3560	1	4
3561	1	4
3562	1	3
3563	2	5
3564	2	2
3565	1	3
3566	1	5
3567	2	3
3568	1	4
3569	1	3
3570	1	4
3571	2	3
3572	1	4
3573	2	3
3574	1	4
3575	1	4
3576	2	5
3577	1	4
3578	2	3
3579	1	3
3580	2	3
3581	1	3
3582	1	2
3583	2	3
3584	1	6
3585	2	5
3586	2	3
3587	2	6
3588	2	3
3589	1	4
3590	2	3
3591	2	6
3592	1	3
3593	1	4
3594	2	3
3595	1	5
3596	2	4
3597	2	3
3598	2	4
3599	1	3
3600	2	3
3601	1	4
3602	2	3
3603	0	1
3604	1	4
3605	2	3
3606	2	3
3607	1	2
3608	1	4
3609	1	3
3610	1	3
3611	1	4
3612	1	5
3613	1	5
3614	2	5
3615	2	5
3616	1	5
3617	1	3
3618	2	4
3619	1	3
3620	2	5
3621	1	4
3622	1	4
3623	1	4
3624	1	4
3625	2	3
3626	1	3
3627	2	3
3628	1	3
3629	2	3
3630	1	2
3631	2	2
3632	2	3
3633	1	4
3634	1	1
3635	2	2
3636	2	6
3638	1	3
3639	1	3
3640	1	3
3641	1	4
3642	1	4
3643	2	4
3644	1	3
3645	1	3
3646	1	3
3647	1	3
3648	2	4
3649	1	4
3650	0	1
3651	1	4
3652	1	3
3653	2	3
3654	1	6
3655	1	4
3656	1	3
3657	1	3
3658	1	5
3659	2	1
3660	1	3
3661	2	3
3662	2	5
3663	1	3
3664	1	5
3665	1	4
3666	2	3
3667	2	3
3668	1	2
3669	2	4
3670	1	5
3671	2	5
3673	1	3
3674	1	3
3675	1	5
3676	2	3
3677	2	3
3678	2	4
3679	2	6
3680	1	4
3681	2	3
3682	1	5
3683	2	4
3684	2	4
3685	2	3
3686	1	3
3687	1	3
3688	2	4
3689	1	4
3690	2	5
3691	1	4
3692	1	3
3693	2	4
3694	1	5
3695	1	3
3696	2	4
3697	2	5
3698	1	3
3699	1	4
3700	2	6
3701	1	3
3702	1	1
3703	1	4
3704	1	6
3705	1	3
3706	1	5
3707	1	1
3708	1	6
3709	1	5
3710	1	3
3711	1	3
3712	2	6
3713	1	3
3714	1	3
3715	2	2
3716	2	4
3717	2	2
3718	1	4
3719	1	3
3720	1	4
3721	2	3
3722	2	4
3723	2	4
3724	1	6
3725	1	4
3726	1	3
3727	1	3
3728	1	3
3729	1	6
3730	1	2
3731	1	4
3732	1	6
3733	1	3
3734	1	6
3735	2	5
3737	1	4
3738	1	3
3739	1	4
3740	2	4
3741	1	3
3742	1	4
3743	1	3
3744	2	3
3745	1	3
3746	1	3
3747	1	2
3748	1	3
3749	1	3
3750	1	4
3751	1	6
3752	1	3
3753	1	3
3754	1	3
3755	1	5
3756	1	5
3757	1	3
3758	1	3
3759	1	5
3760	1	3
3761	2	3
3762	1	3
3763	1	4
3764	1	3
3765	2	3
3766	1	2
3767	2	3
3768	1	3
3769	1	2
3770	1	6
3771	1	4
3772	2	4
3773	1	4
3774	1	6
3775	1	3
3776	1	3
3777	1	2
3778	2	3
3779	1	3
3780	2	3
3781	2	3
3782	1	3
3783	2	4
3784	1	3
3785	1	4
3786	1	1
3787	1	5
3788	2	3
3789	1	1
3790	2	4
3791	1	5
3792	2	5
3793	1	3
3794	1	4
3795	1	5
3796	1	3
3797	1	4
3798	1	3
3799	1	4
3800	2	4
3801	1	4
3802	1	4
3803	2	3
3804	2	3
3805	1	2
3806	2	2
3807	2	4
3808	2	3
3809	1	4
3810	2	3
3811	1	3
3812	2	3
3813	1	3
3814	1	3
3815	1	6
3816	1	3
3817	1	3
3818	2	2
3819	1	5
3820	2	3
3821	1	2
3822	1	5
3824	2	4
3825	1	4
3826	2	3
3827	1	6
3828	1	4
3829	1	4
3830	1	3
3831	1	5
3832	2	3
3833	2	3
3834	1	1
3835	1	2
3836	2	4
3837	1	4
3838	2	4
3839	1	3
3840	1	3
3841	2	3
3842	1	3
3843	1	4
3844	2	3
3845	1	4
3846	2	4
3847	1	3
3848	1	5
3849	1	4
3850	2	3
3851	2	2
3852	1	4
3853	1	2
3854	1	6
3855	1	3
3856	2	3
3857	1	5
3858	1	4
3859	2	5
3860	2	3
3861	1	5
3862	2	3
3863	1	5
3864	2	3
3865	1	3
3866	1	3
3867	1	5
3868	1	3
3869	1	4
3870	2	3
3871	2	3
3872	2	2
3873	1	4
3874	1	3
3875	1	5
3877	1	1
3878	1	3
3879	1	3
3880	2	3
3881	2	2
3882	1	3
3883	2	3
3884	1	3
3885	1	3
3886	2	4
3887	2	2
3888	2	3
3889	0	1
3890	1	4
3891	1	4
3892	2	4
3893	2	4
3894	1	4
3895	2	3
3896	1	3
3897	2	5
3898	1	3
3899	1	2
3900	2	4
3901	2	5
3902	1	4
3903	1	6
3904	1	2
3905	1	3
3906	2	4
3907	1	3
3908	0	1
3909	1	4
3910	1	5
3911	1	5
3912	2	4
3913	2	3
3914	2	4
3915	1	3
3916	2	4
3917	1	4
3918	2	3
3919	1	2
3920	1	4
3921	1	4
3922	1	3
3923	1	3
3924	2	4
3925	1	3
3926	1	4
3927	1	3
3928	1	3
3929	1	4
3930	2	2
3931	2	5
3932	1	2
3933	1	3
3934	1	1
3935	2	1
3936	1	4
3937	1	4
3938	1	3
3939	1	4
3940	1	1
3941	1	4
3942	1	4
3943	1	4
3944	1	5
3945	1	4
3946	2	3
3947	2	2
3948	2	3
3949	1	3
3950	2	3
3951	1	5
3952	1	1
3953	1	4
3954	1	4
3955	1	4
3956	1	3
3957	2	5
3958	1	3
3959	2	3
3960	1	4
3961	1	4
3962	2	6
3963	1	3
3964	1	3
3965	1	2
3966	2	3
3967	1	3
3968	2	4
3969	1	5
3970	2	3
3971	1	3
3972	2	6
3973	1	4
3974	1	4
3975	2	3
3976	1	3
3977	1	4
3978	1	3
3979	2	2
3980	1	4
3981	2	2
3982	1	4
3983	2	4
3984	1	4
3985	2	3
3986	1	4
3987	1	3
3988	2	2
3989	1	2
3990	1	3
3991	2	4
3992	2	3
3993	1	3
3994	1	3
3995	1	4
3996	1	5
3997	2	3
3998	1	4
3999	1	4
4000	1	4
4001	1	4
4002	1	4
4003	1	4
4004	2	3
4005	2	4
4006	2	3
4007	2	3
4008	1	2
4009	2	2
4010	1	2
4011	1	5
4012	1	4
4013	1	3
4014	1	2
4015	2	2
4016	1	2
4017	1	3
4018	1	3
4019	1	3
4020	1	2
4021	1	3
4022	2	3
4023	1	3
4024	1	3
4025	2	3
4026	1	2
4027	1	4
4028	1	5
4029	1	2
4030	1	3
4031	1	1
4032	1	5
4033	2	4
4034	2	4
4035	1	3
4036	1	4
4037	1	2
4038	2	5
4039	2	3
4040	2	3
4041	1	3
4042	1	4
4043	1	4
4044	1	3
4045	2	3
4046	0	2
4047	2	2
4048	1	2
4049	1	4
4050	2	5
4051	1	4
4052	1	4
4053	1	5
4054	2	1
4055	1	3
4056	1	3
4057	1	4
4058	1	3
4059	2	4
4060	2	3
4061	1	4
4062	1	3
4063	1	3
4064	1	2
4065	2	5
4066	2	6
4067	1	1
4068	1	4
4069	1	4
4070	1	4
4071	1	3
4072	1	3
4073	1	4
4074	1	3
4075	1	3
4076	2	4
4077	1	5
4079	2	4
4080	2	5
4081	1	4
4082	1	3
4083	2	4
4084	1	2
4085	1	3
4086	1	4
4087	1	4
4088	1	3
4089	2	2
4090	1	5
4091	2	4
4092	1	3
4093	2	3
4094	1	3
4095	1	4
4096	1	3
4097	1	3
4098	1	5
4099	2	4
4100	1	5
4101	2	4
4102	1	4
4103	1	3
4104	1	3
4105	2	3
4106	2	5
4107	1	4
4108	1	4
4109	2	2
4110	1	4
4111	1	4
4112	1	5
4113	0	3
4114	2	3
4115	1	3
4116	2	6
4117	2	3
4118	2	3
4119	1	3
4120	2	3
4121	2	4
4123	2	4
4124	1	3
4125	2	3
4126	1	5
4127	1	3
4128	1	3
4129	1	3
4130	2	4
4131	1	3
4132	1	3
4133	0	2
4134	1	4
4135	2	4
4136	1	4
4137	2	3
4138	2	1
4139	1	4
4140	2	4
4141	1	1
4142	1	3
4143	1	5
4144	1	4
4145	2	3
4146	1	3
4147	2	3
4148	2	2
4149	0	1
4150	1	5
4151	1	5
4152	1	4
4153	1	4
4154	1	4
4155	1	5
4156	2	3
4157	2	3
4158	2	4
4159	1	4
4160	2	3
4161	2	3
4162	1	3
4163	1	2
4164	2	4
4165	1	4
4166	2	3
4167	2	3
4168	1	3
4169	1	3
4170	1	4
4171	1	5
4172	2	1
4173	1	6
4174	2	2
4175	1	3
4176	2	4
4177	1	2
4178	1	3
4179	1	4
4180	0	1
4181	1	4
4182	1	6
4183	2	1
4184	1	6
4185	1	3
4186	2	3
4187	2	3
4188	1	3
4189	1	5
4190	1	3
4191	2	3
4192	2	4
4193	1	1
4195	1	4
4196	1	4
4197	2	3
4198	1	4
4199	2	4
4201	1	4
4202	1	3
4203	2	4
4204	2	3
4205	2	5
4206	1	3
4207	1	3
4208	1	2
4209	2	3
4210	1	5
4211	2	5
4212	2	5
4213	1	5
4214	1	3
4215	1	3
4216	1	6
4217	2	4
4219	1	3
4220	1	4
4221	1	3
4222	1	3
4223	1	4
4224	2	2
4225	1	3
4226	2	4
4227	2	3
4228	1	4
4230	2	3
4231	2	2
4232	1	4
4233	1	4
4234	1	3
4235	2	4
4236	1	3
4237	1	3
4238	1	5
4239	2	1
4240	1	3
4241	1	3
4242	1	4
4243	1	3
4244	1	4
4245	1	5
4246	1	4
4247	1	3
4248	2	6
4249	2	3
4250	1	4
4251	2	3
4252	1	3
4253	1	3
4254	1	1
4255	1	3
4256	1	4
4257	2	5
4258	1	6
4259	2	3
4260	1	4
4261	1	3
4262	1	3
4263	2	3
4264	2	5
4265	1	4
4266	1	3
4267	1	6
4268	1	3
4269	2	4
4270	1	4
4271	1	3
4272	1	4
4273	1	4
4274	1	3
4275	1	3
4276	1	3
4277	2	4
4278	1	2
4279	2	3
4280	2	3
4281	2	3
4282	1	3
4283	2	2
4284	2	5
4285	2	4
4286	0	1
4287	1	4
4288	2	3
4289	2	4
4290	1	3
4291	1	5
4292	1	3
4293	1	3
4294	2	3
4295	2	3
4296	2	3
4297	2	3
4298	1	3
4299	1	5
4300	2	5
4301	2	5
4302	2	3
4303	1	2
4304	1	3
4305	2	6
4306	2	3
4307	1	5
4308	2	2
4309	2	6
4310	1	3
4311	2	3
4312	2	3
4313	1	4
4314	1	3
4315	1	3
4316	1	3
4317	2	2
4318	1	4
4319	2	3
4320	1	3
4321	2	3
4322	2	4
4323	1	3
4324	1	5
4325	1	4
4326	1	5
4327	1	3
4328	2	2
4329	0	1
4330	1	2
4331	1	5
4332	2	5
4333	1	4
4334	1	2
4335	2	4
4336	1	3
4337	2	3
4338	2	3
4339	1	4
4340	1	3
4341	1	4
4342	1	4
4343	1	4
4344	1	3
4345	2	3
4346	1	3
4347	1	3
4348	1	3
4349	2	4
4350	1	4
4351	1	3
4352	2	5
4353	1	4
4354	1	3
4355	1	3
4356	2	1
4357	1	4
4358	2	4
4359	1	4
4360	2	3
4361	2	5
4362	1	3
4363	1	3
4364	1	5
4365	1	3
4366	0	5
4367	2	3
4368	2	5
4369	1	3
4370	1	4
4371	2	3
4372	1	5
4373	1	3
4374	1	3
4375	1	6
4376	1	1
4377	2	4
4378	1	3
4379	1	4
4380	2	3
4381	1	5
4382	1	3
4383	1	4
4384	1	3
4385	2	3
4386	2	4
4387	1	3
4388	2	3
4389	2	3
4390	1	3
4391	2	4
4392	2	5
4393	1	3
4394	1	4
4395	1	4
4396	1	3
4397	1	6
4398	1	3
4399	2	3
4400	0	4
4401	2	5
4402	2	3
4403	2	3
4404	2	2
4405	2	3
4406	2	4
4407	1	6
4408	2	4
4409	2	4
4410	1	4
4411	1	3
4412	2	4
4413	1	3
4414	2	4
4415	1	4
4416	1	4
4417	1	3
4418	1	4
4419	2	3
4420	1	3
4421	1	4
4422	2	4
4423	1	3
4424	2	4
4425	2	5
4426	1	5
4427	2	5
4428	1	4
4429	1	3
4430	1	6
4431	1	3
4432	1	3
4433	1	5
4434	1	6
4435	2	3
4436	2	4
4437	1	5
4438	1	3
4439	1	3
4440	2	4
4441	1	2
4442	2	4
4443	1	4
4444	1	3
4445	2	4
4446	2	3
4447	2	3
4448	1	3
4449	2	3
4450	2	4
4451	2	4
4452	2	4
4453	1	3
4454	2	3
4455	2	2
4456	1	5
4457	1	2
4458	2	3
4459	2	4
4460	1	3
4461	1	4
4462	2	4
4463	1	6
4464	1	3
4465	2	4
4466	2	4
4467	1	4
4468	1	1
4469	1	2
4470	0	1
4471	2	3
4473	2	2
4474	1	4
4475	2	4
4476	1	4
4477	2	3
4478	1	4
4479	1	3
4480	1	3
4481	2	3
4482	1	4
4483	1	4
4484	1	3
4485	1	3
4486	1	4
4487	1	3
4488	2	3
4489	1	4
4490	1	5
4491	1	4
4492	0	1
4493	1	3
4494	2	4
4495	1	3
4496	1	4
4497	1	1
4498	1	3
4499	1	5
4500	1	4
4501	1	4
4502	1	3
4503	1	4
4504	1	5
4505	2	3
4506	1	5
4507	1	3
4508	1	2
4509	1	1
4510	1	1
4511	1	4
4512	1	4
4513	1	3
4514	2	4
4515	2	3
4516	2	3
4517	1	5
4518	1	3
4519	2	1
4520	1	2
4521	1	3
4522	2	4
4523	1	5
4524	2	3
4525	1	4
4526	1	3
4527	1	5
4528	2	2
4529	1	2
4531	2	2
4532	1	2
4533	2	3
4534	1	5
4535	1	3
4536	1	3
4538	2	1
4539	1	4
4540	1	3
4541	2	5
4542	1	4
4543	1	3
4544	1	3
4545	1	5
4546	1	4
4547	1	3
4548	1	5
4549	2	3
4550	1	3
4551	1	3
4552	2	3
4553	1	3
4554	1	3
4555	1	3
4556	2	2
4557	1	3
4558	1	3
4559	1	5
4560	2	3
4561	2	1
4562	1	3
4563	2	4
4564	1	3
4565	2	4
4566	2	3
4567	2	3
4568	1	5
4569	1	3
4570	1	2
4571	2	5
4572	2	3
4573	2	4
4574	1	2
4575	1	5
4576	1	3
4577	2	3
4578	2	3
4579	2	1
4580	2	3
4581	1	3
4582	1	3
4583	1	1
4584	2	3
4585	2	3
4586	2	4
4587	1	3
4588	1	4
4589	1	3
4590	1	3
4591	1	4
4592	1	5
4593	1	3
4594	1	4
4595	2	4
4596	1	4
4597	2	5
4598	1	4
4599	1	2
4600	1	6
4601	2	3
4602	2	4
4603	2	3
4604	1	4
4605	1	2
4606	1	4
4607	1	5
4608	1	2
4609	2	5
4610	2	4
4611	1	3
4612	1	4
4613	2	3
4614	1	4
4615	1	3
4616	2	4
4617	1	3
4618	1	6
4619	2	4
4620	1	3
4621	1	4
4622	0	1
4623	2	4
4624	1	4
4625	1	3
4626	1	4
4627	2	3
4628	1	2
4629	2	3
4630	1	3
4631	2	3
4633	2	4
4634	1	5
4635	1	4
4636	1	3
4637	2	3
4638	2	4
4639	1	3
4640	1	5
4641	1	3
4642	1	4
4643	2	4
4644	2	3
4645	2	4
4646	1	3
4647	1	5
4648	1	4
4649	1	3
4650	1	2
4651	1	6
4652	1	2
4653	1	3
4654	1	4
4657	1	5
4658	2	3
4659	1	3
4660	1	3
4661	1	3
4662	2	4
4663	1	3
4664	1	4
4665	1	3
4666	1	3
4667	1	3
4668	1	3
4669	1	3
4670	1	3
4671	1	4
4672	2	3
4673	2	2
4674	1	3
4676	1	4
4677	2	2
4678	2	3
4679	1	4
4680	1	2
4681	2	5
4682	2	4
4683	1	4
4684	1	4
4685	1	1
4686	1	3
4687	1	3
4688	1	1
4689	1	3
4690	1	5
4691	1	4
4692	1	1
4693	2	4
4694	1	4
4695	1	2
4696	1	5
4697	1	4
4698	1	3
4699	2	3
4700	2	3
4701	2	3
4702	1	4
4703	1	4
4704	1	4
4705	1	3
4706	1	3
4707	2	3
4708	1	3
4709	2	3
4710	2	6
4711	2	4
4712	2	3
4713	2	4
4714	1	4
4715	1	3
4716	2	4
4717	1	3
4718	1	3
4719	2	4
4720	2	3
4721	1	3
4722	1	3
4723	2	4
4724	2	4
4725	1	4
4726	1	3
4727	1	4
4728	1	3
4729	1	3
4730	2	3
4731	1	1
4732	2	4
4733	1	6
4734	1	3
4735	2	3
4736	1	3
4737	1	4
4738	2	2
4739	1	3
4740	1	5
4741	2	2
4742	2	1
4743	2	4
4744	1	4
4745	1	1
4746	2	1
4747	1	4
4748	1	4
4749	1	3
4750	1	4
4751	1	3
4752	1	3
4753	1	4
4754	2	3
4755	1	4
4756	1	3
4757	1	4
4758	1	3
4759	1	4
4760	1	3
4761	1	6
4762	1	3
4763	1	4
4764	2	4
4765	1	3
4766	2	3
4767	2	2
4768	1	5
4769	1	3
4770	2	4
4771	1	2
4773	1	4
4774	1	4
4775	1	3
4776	1	5
4777	2	1
4778	1	3
4779	2	4
4780	2	3
4781	1	3
4782	1	3
4783	2	4
4784	1	3
4785	2	2
4786	1	3
4787	1	4
4788	1	2
4789	1	4
4790	2	3
4791	2	3
4792	1	3
4793	2	3
4794	1	3
4795	1	2
4796	2	5
4797	2	4
4798	2	3
4799	1	3
4800	1	4
4801	1	4
4802	1	6
4803	2	2
4804	1	4
4805	1	4
4806	2	3
4807	2	3
4808	1	3
4809	2	3
4810	2	6
4811	2	2
4812	2	2
4813	2	3
4814	2	4
4815	1	3
4816	2	3
4817	1	3
4818	1	3
4819	2	2
4820	1	2
4821	1	2
4822	2	4
4823	1	5
4824	2	4
4825	2	5
4826	2	3
4827	1	3
4828	1	3
4829	2	4
4830	2	3
4831	1	4
4832	2	4
4833	2	4
4834	1	4
4835	1	5
4836	2	4
4837	1	6
4838	2	4
4839	1	4
4840	1	5
4841	1	4
4842	1	5
4843	2	1
4844	1	3
4845	1	1
4846	1	5
4847	2	3
4848	2	4
4849	1	4
4850	2	4
4851	1	4
4852	1	3
4853	1	5
4854	2	3
4855	1	2
4856	2	4
4857	1	3
4858	1	3
4859	2	3
4860	1	3
4861	2	3
4862	1	4
4863	2	3
4864	1	3
4865	2	5
4866	1	3
4867	2	3
4868	1	2
4869	1	5
4870	2	4
4871	1	4
4872	1	6
4873	2	4
4874	2	3
4875	2	3
4876	1	3
4877	2	3
4878	1	6
4879	1	4
4880	1	4
4881	1	3
4882	1	4
4883	1	4
4884	2	3
4885	1	3
4886	1	3
4887	2	3
4888	1	3
4889	2	3
4890	1	4
4891	1	3
4892	1	4
4893	1	3
4894	1	2
4895	1	3
4896	1	2
4897	2	5
4898	2	4
4899	2	3
4900	1	6
4901	2	3
4902	1	4
4903	1	3
4904	1	5
4905	2	3
4906	1	5
4907	1	3
4908	1	5
4909	1	4
4910	2	3
4911	1	3
4912	1	3
4913	1	4
4914	1	3
4915	2	4
4916	2	5
4917	2	4
4918	1	3
4919	1	4
4920	2	3
4921	1	4
4922	2	2
4923	2	2
4924	1	3
4925	2	3
4926	1	3
4927	1	3
4928	2	4
4929	2	2
4930	2	2
4931	2	3
4932	1	4
4933	1	4
4934	1	3
4935	1	3
4936	1	3
4937	2	3
4938	1	3
4939	1	2
4940	1	4
4941	2	3
4942	2	3
4943	1	3
4944	1	3
4945	2	4
4946	1	3
4947	2	4
4948	2	3
4949	1	3
4950	1	1
4951	2	2
4952	2	3
4953	1	3
4954	1	2
4955	1	1
4956	2	2
4957	1	4
4958	1	3
4959	0	1
4960	1	5
4962	2	3
4963	1	3
4964	1	3
4965	1	4
4966	1	4
4967	1	3
4968	1	3
4969	1	4
4970	1	3
4971	1	2
4972	1	4
4973	1	3
4974	2	4
4975	1	3
4976	1	3
4977	1	3
4978	1	2
4979	2	4
4980	2	2
4981	1	1
4982	1	3
4983	1	5
4984	2	4
4985	1	4
4986	1	4
4987	2	5
4988	2	3
4989	2	3
4990	2	3
4991	1	4
4992	1	3
4993	2	3
4994	1	5
4995	2	5
4996	1	4
4997	1	3
4998	2	5
4999	2	4
5000	2	4
5001	2	3
5002	1	2
5003	2	3
5004	1	5
5005	1	5
5006	1	4
5007	2	3
5008	1	2
5009	2	4
5010	1	3
5011	1	3
5012	2	4
5013	0	1
5014	1	3
5015	1	4
5016	1	4
5017	1	4
5018	1	3
5019	1	4
5020	1	3
5021	2	3
5022	1	1
5023	1	4
5024	2	6
5025	1	5
5026	1	6
5027	1	3
5028	1	4
5029	2	4
5030	1	2
5031	2	3
5032	2	4
5033	1	3
5034	1	4
5035	2	5
5036	1	2
5037	1	3
5038	1	4
5039	2	3
5040	1	3
5041	1	4
5042	1	6
5043	1	5
5044	1	5
5045	1	3
5046	2	3
5047	1	3
5048	2	4
5049	1	3
5050	1	5
5051	1	2
5052	2	3
5053	1	3
5054	1	4
5055	1	3
5056	1	3
5057	2	3
5058	1	4
5059	2	3
5060	1	4
5061	1	2
5062	2	1
5063	2	2
5064	1	1
5065	1	6
5066	1	3
5067	1	2
5068	2	4
5069	2	5
5070	1	6
5071	1	4
5072	2	4
5073	1	3
5074	1	4
5075	1	4
5076	1	2
5077	1	3
5078	2	3
5079	2	3
5080	1	4
5081	2	4
5082	1	3
5083	1	5
5084	1	2
5085	1	2
5086	2	4
5087	1	3
5088	1	3
5089	1	3
5090	2	6
5091	1	5
5092	1	4
5093	1	3
5095	2	4
5096	1	4
5098	1	3
5099	1	3
5100	1	4
5101	2	3
5102	2	4
5103	2	3
5104	1	3
5105	1	5
5106	1	4
5107	1	2
5108	1	4
5109	2	1
5110	1	3
5111	1	2
5112	2	3
5113	2	4
5114	1	3
5115	2	2
5116	2	3
5117	2	4
5118	2	3
5119	1	3
5120	1	5
5121	2	3
5122	1	4
5123	1	3
5124	1	6
5125	2	4
5126	1	4
5127	2	4
5128	0	2
5129	1	3
5130	1	3
5131	1	4
5132	1	2
5133	1	6
5134	1	6
5135	1	3
5136	2	3
5137	1	5
5138	1	4
5139	1	3
5140	2	3
5141	2	3
5142	1	6
5143	1	5
5144	1	3
5145	0	2
5146	2	3
5147	1	5
5148	1	3
5149	1	4
5150	2	2
5151	2	3
5152	1	4
5153	1	4
5154	2	3
5155	1	2
5156	1	5
5157	2	3
5158	1	3
5159	1	4
5160	1	4
5161	1	6
5162	1	4
5163	2	6
5164	1	4
5165	1	4
5166	1	3
5167	1	4
5168	1	4
5169	1	5
5170	2	4
5171	1	3
5172	2	3
5173	1	4
5174	1	3
5175	1	3
5176	1	3
5177	1	5
5178	1	4
5179	2	3
5180	1	4
5181	1	3
5182	1	4
5183	2	4
5184	1	4
5185	1	3
5186	1	3
5187	1	3
5188	1	4
5189	2	5
5190	1	4
5191	1	4
5192	1	4
5193	1	4
5194	2	3
5195	1	3
5196	1	3
5197	1	4
5198	2	5
5199	1	3
5200	2	3
5201	1	4
5202	1	2
5203	1	2
5204	2	2
5205	1	4
5206	1	4
5207	2	2
5208	2	3
5209	1	4
5210	1	4
5211	1	5
5212	1	4
5213	1	4
5214	1	4
5215	2	4
5216	2	3
5217	1	3
5218	1	3
5219	1	4
5220	1	3
5221	2	3
5222	1	4
5223	2	3
5224	1	3
5225	2	3
5226	2	3
5227	1	4
5228	2	3
5229	1	3
5230	2	4
5231	0	1
5232	2	5
5233	1	4
5234	2	3
5235	1	4
5236	1	5
5237	1	3
5238	1	3
5239	2	5
5240	1	3
5241	1	5
5242	1	3
5243	2	4
5244	1	4
5245	1	3
5246	1	3
5247	2	3
5248	2	4
5249	2	4
5250	1	3
5251	1	3
5252	2	3
5253	1	5
5254	2	3
5255	2	4
5256	2	2
5257	1	3
5258	1	3
5259	1	2
5260	2	4
5261	1	4
5262	2	3
5263	1	4
5264	1	3
5265	1	5
5266	2	3
5267	2	3
5268	1	4
5269	1	4
5270	1	3
5271	1	3
5272	2	3
5273	1	3
5274	1	3
5275	2	3
5276	2	4
5277	1	5
5278	2	3
5279	1	4
5280	1	3
5281	2	3
5282	1	3
5283	2	4
5284	1	4
5285	1	3
5286	1	4
5287	1	3
5288	1	3
5289	1	5
5290	1	3
5291	2	4
5292	1	3
5293	1	3
5294	1	2
5295	1	5
5296	1	3
5297	2	3
5298	1	4
5299	2	4
5300	1	5
5301	1	4
5302	1	3
5303	1	3
5304	2	4
5305	1	4
5306	2	6
5307	2	1
5308	1	4
5309	2	2
5310	2	5
5311	1	1
5312	2	6
5313	1	2
5314	0	1
5315	1	3
5316	2	3
5317	2	3
5318	2	4
5319	1	6
5320	1	3
5321	2	3
5322	2	4
5323	1	3
5324	1	4
5325	2	3
5326	1	4
5327	2	6
5328	1	4
5329	1	2
5330	1	3
5331	2	3
5332	2	4
5333	2	1
5334	2	4
5335	1	2
5336	2	2
5337	2	4
5338	1	5
5339	2	1
5340	1	1
5341	1	6
5342	1	4
5343	1	2
5344	2	4
5345	1	4
5346	2	4
5347	2	4
5348	2	5
5349	1	2
5350	1	3
5351	1	4
5352	1	2
5353	1	3
5354	1	4
5355	2	3
5356	2	3
5357	2	4
5358	1	3
5359	1	5
5360	2	4
5361	1	4
5362	1	4
5363	2	3
5364	1	2
5365	1	5
5366	2	3
5367	1	5
5368	2	4
5369	1	3
5370	2	4
5371	1	1
5372	1	6
5373	1	4
5374	2	4
5375	2	4
5376	1	3
5377	2	4
5378	2	3
5379	1	3
5380	2	3
5381	1	3
5382	1	2
5383	1	3
5384	1	4
5385	1	3
5386	1	3
5387	1	3
5388	1	4
5389	1	4
5390	1	2
5391	1	2
5392	1	5
5393	1	3
5394	1	4
5395	2	2
5396	1	4
5397	1	1
5398	1	6
5399	1	4
5400	1	3
5401	1	3
5402	1	4
5403	1	4
5404	2	4
5406	1	2
5407	2	4
5408	2	4
5409	1	3
5410	1	3
5411	2	4
5412	1	3
5413	1	6
5414	2	3
5415	1	4
5416	2	3
5417	1	4
5418	1	3
5419	2	3
5420	1	2
5421	1	3
5422	2	3
5423	1	6
5424	2	3
5425	2	3
5426	1	4
5427	2	5
5428	2	2
5429	2	3
5430	1	4
5431	1	3
5432	1	3
5433	2	5
5434	1	3
5435	2	2
5436	1	4
5437	2	2
5438	2	3
5439	1	4
5440	0	1
5441	2	4
5442	2	3
5443	1	3
5444	1	2
5445	2	3
5446	1	3
5447	1	5
5448	1	5
5449	2	3
5450	2	1
5451	1	4
5452	2	3
5453	2	4
5454	1	6
5455	1	4
5456	1	3
5457	1	4
5458	1	4
5459	1	4
5460	1	5
5461	1	4
5462	2	3
5463	2	5
5464	1	3
5465	1	3
5466	1	4
5467	1	4
5468	1	5
5469	2	4
5470	1	4
5471	2	3
5472	1	4
5473	1	2
5474	1	3
5475	1	3
5476	1	4
5477	1	5
5478	1	1
5479	1	3
5480	2	3
5481	1	4
5482	1	6
5483	1	4
5484	1	3
5485	1	4
5486	1	4
5487	1	1
5488	1	3
5489	1	3
5490	2	4
5491	1	5
5492	2	3
5493	1	3
5494	1	4
5495	2	4
5496	2	3
5497	2	4
5498	1	3
5499	2	4
5500	1	4
5501	1	5
5502	1	4
5503	1	3
5504	1	3
5505	1	4
5506	1	3
5507	1	3
5508	1	2
5509	2	3
5510	1	5
5511	2	3
5512	1	3
5513	1	2
5514	1	4
5515	1	2
5516	2	5
5517	2	4
5518	2	3
5519	1	4
5520	1	4
5521	2	3
5522	2	2
5523	1	3
5524	1	3
5525	2	3
5526	1	4
5527	1	4
5528	1	3
5529	1	1
5530	1	5
5531	2	5
5532	2	3
5533	1	3
5534	1	5
5535	2	4
5536	1	4
5537	2	3
5538	1	4
5539	2	2
5540	1	3
5541	2	4
5542	2	3
5543	1	3
5544	2	3
5545	2	3
5546	1	4
5547	1	5
5548	1	4
5549	1	3
5550	1	3
5551	2	4
5552	1	4
5553	1	2
5554	1	3
5555	1	5
5556	1	4
5557	2	4
5558	2	4
5559	2	3
5560	1	4
5561	2	3
5562	1	3
5563	2	3
5564	1	3
5565	1	2
5566	1	3
5567	2	3
5568	2	3
5569	1	4
5570	1	6
5571	2	4
5572	2	4
5573	1	3
5574	1	4
5575	1	4
5576	1	2
5577	1	4
5578	1	3
5579	2	4
5580	2	4
5581	1	3
5582	2	3
5583	1	3
5584	2	5
5585	1	4
5586	2	4
5587	1	4
5588	1	4
5589	1	3
5590	1	3
5591	1	3
5592	2	4
5593	2	4
5594	1	3
5595	1	3
5596	1	4
5597	2	5
5598	2	4
5599	1	5
5600	2	3
5601	2	5
5602	2	2
5603	1	1
5604	1	4
5605	2	3
5606	2	3
5607	1	3
5608	2	3
5609	2	4
5610	1	3
5611	2	3
5612	1	3
5613	2	3
5614	2	1
5615	2	3
5616	2	3
5617	1	3
5618	2	3
5619	2	3
5620	1	3
5621	1	4
5622	1	4
5623	1	3
5624	2	4
5625	1	4
5626	2	3
5627	1	4
5628	1	3
5629	1	3
5630	1	3
5631	1	6
5632	1	3
5633	1	3
5634	1	4
5635	1	4
5636	1	3
5637	2	1
5638	1	2
5639	2	3
5640	1	3
5641	2	3
5642	1	3
5643	1	6
5644	2	2
5645	1	2
5646	1	3
5647	2	4
5648	2	2
5649	2	3
5650	1	5
5651	1	3
5653	1	2
5654	1	4
5655	2	3
5656	1	2
5657	1	3
5658	1	4
5659	1	4
5660	1	4
5661	1	4
5662	2	5
5663	1	2
5664	2	3
5665	1	3
5666	2	4
5667	1	4
5668	2	3
5669	1	2
5670	1	3
5671	1	4
5672	2	5
5673	1	6
5674	2	3
5675	2	5
5676	2	4
5677	2	1
5678	1	2
5679	1	3
5680	1	3
5681	1	5
5682	1	3
5683	1	3
5684	2	3
5685	2	4
5686	1	5
5687	2	3
5688	1	4
5689	1	4
5690	1	5
5691	2	3
5692	2	3
5693	1	3
5694	1	3
5695	1	4
5696	1	3
5697	1	4
5698	2	4
5699	1	3
5700	2	4
5701	1	5
5702	1	6
5703	1	4
5704	1	4
5705	1	2
5706	2	5
5707	1	4
5708	2	4
5709	1	6
5710	2	4
5711	1	1
5712	1	6
5713	1	4
5714	1	5
5715	2	1
5716	1	3
5717	0	1
5718	1	3
5719	2	3
5720	2	5
5721	1	3
5722	1	4
5723	2	3
5724	1	6
5725	2	3
5726	2	3
5727	1	4
5728	1	4
5729	2	3
5730	1	3
5731	1	4
5732	2	4
5733	1	3
5734	2	3
5735	2	4
5736	1	2
5737	2	3
5738	1	3
5739	1	4
5740	1	3
5741	2	3
5742	2	4
5743	2	3
5744	1	3
5745	1	4
5746	2	3
5747	1	6
5748	2	3
5749	1	6
5750	2	5
5751	1	4
5752	1	5
5753	2	4
5754	1	5
5755	2	3
5756	2	4
5757	1	3
5758	2	3
5759	1	4
5760	1	4
5761	1	5
5762	1	4
5763	1	5
5764	2	5
5765	1	5
5766	2	2
5767	1	3
5768	1	3
5769	1	3
5770	2	3
5771	2	1
5772	1	4
5773	1	5
5774	2	3
5775	1	4
5776	2	4
5777	1	6
5778	2	4
5779	2	4
5780	2	3
5781	1	3
5782	1	3
5783	1	3
5784	2	5
5785	2	4
5786	1	4
5787	1	4
5788	2	4
5789	2	5
5790	1	5
5791	2	3
5792	2	2
5793	2	3
5794	1	3
5795	1	2
5796	1	4
5797	1	3
5798	2	6
5799	1	4
5800	1	2
5801	1	4
5802	2	5
5803	2	3
5804	1	3
5805	1	4
5806	2	3
5807	2	3
5808	1	3
5809	1	5
5810	1	5
5811	1	5
5812	2	4
5813	1	4
5814	1	3
5815	2	3
5816	1	6
5817	1	4
5818	1	4
5819	0	1
5820	1	6
5821	1	3
5822	1	5
5823	2	3
5824	2	4
5825	2	5
5826	2	4
5827	2	6
5828	1	3
5829	2	5
5830	2	3
5831	1	5
5832	1	4
5833	1	3
5834	2	3
5835	1	5
5836	1	3
5837	1	3
5838	2	3
5839	1	2
5840	2	4
5841	1	4
5842	1	4
5843	1	5
5844	2	3
5845	2	3
5846	2	3
5847	1	2
5848	1	4
5849	1	3
5850	2	3
5851	1	3
5852	1	5
5853	1	5
5854	1	3
5855	2	3
5856	2	1
5857	2	3
5858	1	5
5859	2	5
5860	2	4
5861	1	4
5862	2	3
5863	2	3
5864	1	3
5865	1	3
5866	2	3
5867	1	5
5868	2	4
5869	1	3
5870	1	3
5871	1	2
5872	1	6
5873	2	3
5874	2	3
5875	1	3
5876	1	2
5877	1	3
5879	2	4
5880	2	3
5881	2	5
5882	1	4
5883	1	3
5884	1	4
5885	2	4
5886	1	3
5887	2	3
5888	1	3
5889	1	3
5890	1	3
5891	1	3
5892	1	3
5893	2	3
5894	1	3
5895	2	3
5896	1	4
5897	1	3
5898	1	6
5899	1	6
5900	1	3
5901	2	4
5902	2	3
5903	1	1
5904	2	3
5905	1	4
5906	2	6
5907	2	3
5908	2	3
5909	1	3
5910	1	3
5911	1	4
5912	1	4
5913	1	4
5914	2	2
5915	2	4
5916	2	3
5917	1	3
5918	1	3
5919	1	5
5920	1	4
5921	2	5
5922	1	3
5923	2	4
5924	1	4
5925	1	3
5926	2	3
5927	1	3
5928	1	3
5929	1	4
5930	1	6
5931	1	4
5932	1	6
5933	1	3
5934	1	5
5935	1	5
5936	1	5
5937	1	4
5938	2	2
5939	1	2
5940	2	1
5941	1	4
5942	1	3
5943	2	3
5944	1	4
5945	1	4
5946	2	3
5947	1	3
5948	1	5
5949	1	1
5950	2	3
5951	2	3
5952	2	4
5953	2	3
5954	1	3
5955	1	4
5956	1	6
5957	1	6
5958	1	5
5959	1	5
5960	2	4
5961	1	3
5962	1	3
5963	1	5
5964	1	4
5965	2	4
5966	2	4
5967	1	4
5968	1	4
5969	1	3
5970	1	3
5971	1	4
5972	1	2
5973	1	4
5974	1	3
5975	1	5
5976	2	3
5977	1	4
5978	1	3
5979	2	3
5980	1	3
5981	2	2
5982	2	4
5983	2	3
5984	2	3
5985	1	6
5986	1	2
5987	1	3
5988	2	1
5989	1	4
5990	2	3
5991	1	1
5992	2	2
5993	1	3
5994	1	4
5995	1	3
5996	2	5
5997	2	4
5998	1	4
5999	2	6
6000	1	3
6001	1	4
6002	1	2
6003	2	1
6004	2	3
6005	1	3
6006	1	2
6007	2	2
6008	2	4
6009	1	4
6010	0	3
6011	1	4
6012	1	4
6013	2	4
6014	1	3
6015	2	5
6016	1	3
6017	1	3
6018	1	4
6019	1	5
6020	1	5
6021	2	2
6022	1	4
6023	2	1
6024	2	2
6025	1	4
6026	1	1
6027	1	3
6028	1	4
6029	1	4
6030	1	4
6031	2	3
6032	2	3
6033	2	4
6034	1	3
6035	2	3
6036	2	6
6037	1	3
6038	2	5
6039	1	2
6040	1	3
6041	2	3
6042	1	5
6043	1	3
6044	2	4
6045	2	1
6046	1	4
6047	2	3
6048	2	4
6049	2	2
6050	2	6
6051	1	3
6052	2	4
6053	1	5
6054	2	4
6055	1	5
6056	2	4
6057	1	5
6058	1	3
6059	1	3
6060	2	3
6061	2	2
6062	2	3
6063	2	3
6064	2	3
6065	2	4
6066	2	4
6067	1	5
6068	1	4
6069	1	6
6070	1	3
6071	1	3
6072	2	3
6073	2	3
6074	1	5
6075	2	3
6076	1	5
6077	1	3
6078	1	3
6079	1	2
6081	2	3
6082	1	4
6083	1	5
6084	1	4
6085	1	5
6086	1	1
6087	2	6
6088	1	1
6089	1	6
6090	1	4
6091	1	4
6092	1	4
6093	1	3
6094	1	4
6095	1	3
6096	1	3
6097	1	4
6098	1	3
6099	2	3
6100	1	4
6101	1	3
6102	1	3
6103	1	5
6104	2	4
6105	1	5
6106	1	4
6107	1	5
6108	1	3
6109	1	2
6110	2	3
6111	1	6
6112	1	3
6113	1	3
6114	1	3
6115	1	3
6116	1	4
6117	1	3
6118	2	4
6119	2	4
6120	1	1
6121	1	3
6122	1	3
6123	1	4
6125	2	3
6126	2	4
6128	1	5
6129	2	3
6130	1	5
6131	1	3
6132	1	4
6133	2	5
6134	1	3
6135	1	4
6136	2	4
6137	2	4
6138	1	5
6139	1	5
6140	1	3
6141	2	3
6142	1	3
6143	1	3
6144	2	3
6145	1	3
6146	1	3
6147	2	3
6148	1	3
6149	1	3
6150	1	2
6151	2	4
6152	1	3
6153	1	2
6154	2	3
6155	2	6
6156	2	3
6157	1	5
6158	1	3
6159	2	3
6160	1	3
6161	2	4
6162	2	5
6163	1	1
6164	2	4
6165	1	4
6166	2	4
6167	1	4
6168	1	5
6169	1	3
6170	1	4
6171	2	5
6172	1	4
6173	1	3
6174	2	4
6175	1	4
6176	1	3
6177	2	3
6178	1	3
6179	1	5
6180	1	3
6181	1	4
6182	2	5
6183	1	3
6184	1	4
6185	1	3
6186	2	3
6187	2	4
6188	1	4
6189	1	3
6190	2	3
6191	1	3
6192	2	1
6193	2	3
6194	2	3
6195	2	3
6196	1	3
6197	1	4
6198	2	2
6199	2	4
6200	2	3
6201	2	5
6202	1	3
6203	1	4
6204	2	4
6205	2	5
6206	1	3
6207	1	4
6208	2	3
6209	1	4
6210	2	5
6211	1	4
6212	1	2
6213	1	4
6214	2	4
6215	1	4
6216	2	4
6217	2	6
6218	2	3
6219	2	3
6220	1	3
6221	1	4
6222	1	3
6223	1	4
6224	1	2
6225	1	3
6226	2	4
6227	2	4
6228	1	4
6229	1	4
6230	1	3
6231	1	5
6232	1	5
6233	2	4
6234	1	4
6235	1	3
6236	1	3
6237	2	3
6238	1	2
6239	2	3
6240	1	2
6241	2	1
6242	1	2
6243	2	3
6244	2	3
6245	1	4
6246	1	4
6247	2	4
6248	1	5
6249	2	3
6250	1	3
6251	1	6
6252	2	4
6253	1	5
6254	1	5
6255	2	4
6256	2	3
6257	2	3
6258	1	3
6259	2	4
6260	1	5
6261	2	3
6262	1	5
6263	1	3
6264	2	4
6265	2	4
6266	1	3
6267	1	4
6268	1	3
6269	1	4
6270	2	2
6271	1	4
6272	2	2
6273	1	4
6274	2	3
6275	1	3
6276	2	3
6277	2	3
6278	2	4
6279	2	5
6280	1	3
6281	1	3
6282	1	4
6283	1	5
6284	1	3
6285	1	3
6286	1	5
6287	1	4
6288	1	4
6289	1	5
6290	2	3
6291	1	3
6292	1	2
6293	1	3
6294	2	3
6295	1	3
6296	1	4
6297	1	4
6298	1	3
6299	2	3
6300	1	3
6301	1	5
6302	1	5
6303	1	3
6304	2	5
6305	1	3
6306	1	3
6307	2	3
6308	2	3
6309	1	3
6310	2	3
6311	1	3
6312	1	5
6313	1	5
6314	1	4
6315	2	1
6316	1	5
6317	2	4
6318	2	5
6319	1	4
6320	1	4
6321	2	4
6322	1	2
6323	1	5
6324	2	5
6325	2	5
6326	1	3
6327	1	3
6328	2	3
6329	1	4
6330	1	3
6331	1	4
6332	1	4
6333	1	3
6334	1	5
6335	1	3
6336	2	3
6337	1	3
6338	2	3
6339	1	3
6340	2	3
6341	1	2
6342	1	3
6343	2	5
6344	1	4
6345	1	5
6346	1	3
6347	1	3
6348	1	5
6349	2	3
6350	1	5
6351	2	3
6352	1	2
6353	2	3
6354	2	2
6355	1	4
6356	1	4
6357	1	3
6358	1	3
6359	1	3
6360	1	2
6361	2	3
6362	1	2
6363	2	5
6364	2	5
6365	1	4
6366	1	4
6367	2	3
6368	2	2
6369	1	3
6370	1	2
6371	1	2
6372	1	4
6373	2	4
6374	2	4
6375	2	3
6376	1	4
6377	2	3
6378	2	5
6379	2	3
6380	2	4
6381	2	3
6382	1	3
6383	2	4
6384	1	3
6385	1	3
6386	1	4
6387	2	3
6388	1	2
6389	1	4
6390	1	3
6391	2	3
6392	1	5
6393	2	3
6394	1	4
6395	2	3
6396	1	4
6397	2	2
6398	2	3
6399	1	4
6400	1	3
6401	2	6
6402	1	5
6403	1	5
6404	2	3
6405	2	2
6406	1	3
6407	1	3
6408	1	3
6409	1	6
6410	1	5
6411	2	6
6412	1	3
6413	1	3
6414	1	6
6415	2	2
6416	2	3
6417	1	5
6418	0	1
6419	1	5
6420	1	4
6421	2	4
6422	2	4
6423	2	4
6424	1	4
6425	1	2
6426	1	3
6427	1	6
6428	2	3
6429	1	5
6430	2	3
6431	2	3
6432	1	3
6433	1	3
6434	1	3
6435	1	4
6436	2	4
6437	2	5
6438	1	4
6439	1	3
6440	1	4
6441	1	3
6442	2	4
6443	1	4
6444	2	2
6445	2	3
6446	1	2
6447	2	3
6448	1	5
6449	1	3
6450	2	5
6451	2	3
6453	2	2
6454	1	3
6455	2	3
6456	1	4
6457	2	3
6458	1	6
6459	1	3
6460	1	3
6461	2	3
6462	1	4
6463	1	4
6464	1	5
6465	2	4
6466	2	4
6467	1	5
6468	2	3
6469	1	4
6470	1	3
6471	2	3
6472	2	3
6473	1	3
6474	2	6
6475	1	2
6476	1	3
6477	2	3
6478	1	2
6479	2	4
6480	1	2
6481	2	4
6482	1	4
6483	2	3
6484	1	4
6485	1	4
6486	1	2
6487	2	6
6488	1	3
6489	2	3
6490	2	3
6491	1	5
6492	2	4
6493	1	1
6494	2	4
6495	2	4
6496	1	3
6497	2	4
6498	2	4
6499	2	5
6500	1	4
6501	1	3
6502	1	4
6503	2	4
6504	1	1
6505	1	5
6506	2	6
6507	1	4
6508	1	4
6509	1	2
6510	1	4
6511	1	3
6512	1	4
6513	1	3
6514	1	3
6515	1	4
6516	1	3
6517	1	2
6518	1	5
6519	2	2
6520	1	3
6521	2	3
6522	1	4
6523	1	3
6524	1	3
6525	1	4
6526	2	5
6527	1	5
6528	2	3
6529	2	3
6530	2	3
6531	1	3
6532	1	4
6533	1	3
6534	1	2
6535	2	2
6536	2	5
6537	2	3
6538	1	3
6539	2	4
6540	1	5
6541	2	4
6542	0	1
6543	2	4
6544	2	3
6545	2	4
6546	1	3
6547	1	3
6548	1	6
6549	2	3
6550	1	4
6551	2	4
6552	2	3
6553	2	4
6554	1	3
6555	1	3
6556	1	3
6557	1	3
6558	2	4
6559	2	4
6560	1	3
6561	1	3
6562	1	4
6563	2	6
6564	1	1
6565	1	5
6566	1	4
6567	2	4
6568	1	4
6569	1	3
6570	1	5
6571	1	3
6572	2	6
6573	1	3
6574	2	4
6575	1	4
6576	2	3
6577	2	3
6578	1	4
6579	2	2
6580	1	3
6581	1	3
6582	2	3
6583	1	4
6584	2	3
6585	2	4
6586	1	3
6587	1	3
6588	2	3
6589	1	3
6590	2	5
6591	1	3
6592	2	5
6593	1	5
6594	1	3
6595	1	5
6596	1	5
6597	2	4
6598	1	5
6599	1	3
6600	1	5
6601	1	5
6602	2	4
6603	1	5
6604	1	4
6605	2	3
6606	1	3
6607	1	3
6608	1	3
6609	1	2
6610	1	2
6611	2	3
6612	2	3
6613	2	5
6614	1	3
6615	1	3
6616	1	4
6617	1	5
6618	1	4
6619	2	4
6620	2	1
6621	1	3
6622	1	4
6623	2	4
6624	1	3
6625	1	5
6626	1	3
6627	1	4
6628	2	5
6629	1	4
6630	1	4
6631	1	4
6632	1	3
6633	1	4
6634	1	3
6635	1	5
6636	1	3
6637	2	3
6638	2	3
6639	1	4
6640	1	3
6641	2	4
6642	1	3
6643	1	3
6644	1	4
6645	2	3
6646	1	5
6647	1	5
6648	1	3
6649	1	3
6650	1	1
6651	1	3
6652	2	2
6653	1	3
6654	1	3
6655	1	3
6656	1	3
6657	1	4
6658	1	3
6659	2	3
6660	1	3
6661	2	3
6662	1	2
6663	1	4
6664	2	1
6665	2	3
6666	1	2
6667	1	4
6668	1	4
6669	1	1
6670	1	4
6671	2	1
6672	1	4
6673	1	5
6674	1	3
6675	1	2
6676	1	4
6677	1	3
6678	2	3
6679	1	6
6680	1	4
6681	1	3
6682	1	2
6683	2	3
6684	1	4
6685	1	2
6686	1	3
6687	1	4
6688	1	3
6689	1	2
6690	1	3
6691	1	4
6692	1	3
6693	2	5
6694	2	4
6695	2	3
6696	2	5
6697	1	3
6698	1	5
6699	1	4
6700	1	5
6701	1	3
6702	1	3
6703	1	2
6704	1	3
6705	2	3
6706	2	3
6707	2	6
6710	1	4
6711	1	2
6712	1	2
6713	1	3
6714	1	6
6715	1	1
6716	1	4
6717	1	3
6718	1	3
6719	1	5
6720	1	3
6721	1	4
6722	1	3
6723	1	3
6724	2	6
6725	2	3
6726	1	3
6727	2	3
6728	2	3
6729	0	3
6730	2	5
6731	2	3
6732	1	3
6733	1	5
6734	2	3
6735	1	4
6736	1	4
6737	2	3
6738	2	5
6739	1	3
6740	1	2
6741	1	3
6742	1	3
6743	1	3
6744	2	4
6745	2	3
6746	2	4
6747	1	4
6748	1	2
6749	0	6
6750	1	2
6751	2	6
6752	1	1
6753	2	2
6754	1	5
6755	2	3
6756	2	5
6757	1	5
6758	2	3
6759	1	5
6760	2	5
6761	2	3
6762	1	3
6763	1	4
6764	1	3
6765	1	3
6766	1	6
6767	1	3
6768	1	5
6769	1	3
6770	2	4
6771	2	5
6772	1	3
6773	1	4
6774	2	3
6775	1	3
6776	2	4
6777	1	3
6778	1	3
6779	1	1
6780	2	4
6781	1	3
6782	2	4
6783	1	5
6784	1	6
6785	1	2
6786	1	5
6787	1	4
6788	2	3
6789	1	2
6790	1	2
6791	1	2
6792	2	4
6793	1	3
6794	1	2
6795	2	4
6796	1	4
6797	2	4
6798	2	3
6799	2	2
6800	1	3
6801	1	4
6802	1	4
6803	2	2
6804	2	3
6805	1	3
6806	2	3
6807	1	3
6808	2	5
6809	1	4
6810	1	4
6811	1	4
6812	2	4
6813	2	3
6814	2	4
6815	2	4
6816	1	3
6817	2	4
6818	2	4
6819	1	3
6820	1	5
6821	1	6
6822	1	4
6823	2	3
6824	1	3
6825	1	4
6826	1	3
6827	2	3
6828	1	6
6829	1	3
6830	1	3
6831	1	3
6832	1	2
6833	1	4
6834	1	3
6835	1	4
6836	1	2
6837	1	5
6838	1	3
6839	1	4
6840	2	3
6841	2	3
6842	2	3
6843	2	3
6844	1	5
6845	1	3
6846	2	3
6847	1	4
6848	1	3
6849	1	3
6850	1	3
6851	1	2
6852	1	3
6853	1	3
6854	2	6
6855	1	3
6856	1	3
6857	1	3
6858	1	3
6859	2	3
6860	1	4
6861	1	4
6862	1	4
6863	2	3
6864	0	2
6865	1	2
6866	1	5
6867	2	3
6868	1	3
6869	1	2
6870	2	4
6871	2	4
6872	1	3
6873	1	6
6874	2	4
6875	2	3
6876	1	6
6877	1	4
6878	1	3
6879	1	3
6880	2	3
6881	1	3
6882	1	4
6883	1	5
6884	2	3
6885	1	3
6886	1	4
6887	1	4
6888	2	5
6889	1	3
6890	1	4
6891	1	5
6892	1	4
6893	1	3
6894	2	3
6895	2	3
6896	1	3
6897	2	4
6898	2	3
6899	2	3
6900	2	5
6901	2	3
6902	1	3
6903	2	5
6904	2	6
6905	1	3
6906	2	2
6907	2	6
6908	2	3
6909	1	4
6910	1	2
6911	2	6
6912	1	4
6913	2	4
6914	2	4
6916	1	4
6917	1	4
6918	1	6
6919	2	4
6920	1	4
6921	1	4
6922	2	5
6923	1	4
6924	1	1
6925	1	1
6926	1	2
6927	2	3
6928	1	4
6929	1	3
6930	2	3
6931	1	3
6932	2	3
6933	1	4
6934	1	3
6935	1	3
6936	1	6
6937	1	4
6938	1	3
6939	1	4
6940	1	3
6941	2	3
6942	1	5
6943	1	3
6944	1	3
6945	1	3
6946	1	1
6947	2	5
6948	2	2
6949	2	3
6950	2	3
6951	2	4
6952	2	4
6953	2	2
6954	2	4
6955	2	3
6956	1	5
6957	1	2
6958	2	3
6959	1	3
6960	1	3
6961	1	4
6962	1	5
6963	2	4
6964	2	3
6965	1	3
6966	1	5
6967	2	5
6968	2	3
6969	1	3
6970	1	6
6971	2	3
6972	1	4
6973	1	3
6974	1	4
6975	1	3
6976	2	4
6977	1	3
6978	2	4
6979	1	5
6980	2	4
6981	1	3
6982	1	4
6983	1	2
6984	1	3
6985	1	3
6986	2	5
6987	1	2
6988	1	2
6989	1	1
6990	2	4
6991	2	3
6992	1	5
6993	1	4
6994	2	4
6995	2	3
6996	1	2
6997	1	2
6998	2	3
6999	1	3
7000	2	3
7001	2	3
7002	1	2
7003	2	3
7004	2	3
7005	1	4
7006	2	4
7007	2	3
7008	2	2
7009	2	1
7010	2	5
7011	1	4
7012	2	4
7013	1	5
7014	1	5
7015	1	4
7016	1	4
7017	1	3
7018	1	6
7019	1	3
7020	2	3
7021	2	5
7022	1	3
7023	2	4
7024	2	6
7025	1	3
7026	2	4
7027	1	2
7028	1	3
7029	1	3
7030	2	4
7031	2	3
7032	1	2
7033	2	2
7034	1	4
7035	1	4
7036	1	3
7037	1	3
7038	1	4
7039	2	6
7040	2	3
7041	2	3
7042	2	4
7043	2	3
7044	1	3
7045	2	2
7046	1	5
7047	1	2
7048	1	3
7049	1	3
7050	2	6
7051	1	3
7052	2	3
7053	1	5
7054	1	4
7055	1	2
7056	2	5
7057	2	3
7058	1	4
7059	1	3
7060	1	1
7061	2	3
7062	2	3
7063	1	3
7064	1	3
7065	1	5
7066	1	4
7067	2	4
7068	1	4
7069	1	5
7070	1	2
7071	1	5
7072	1	1
7073	2	3
7074	1	4
7075	2	4
7076	2	2
7077	2	4
7078	1	4
7079	1	4
7080	2	5
7081	1	3
7082	1	4
7083	1	2
7084	2	4
7085	2	3
7086	1	4
7087	2	4
7088	1	6
7089	2	3
7090	2	3
7091	1	4
7092	2	4
7093	1	5
7094	2	2
7095	1	3
7096	1	4
7097	2	3
7098	1	2
7099	1	4
7100	1	4
7101	1	4
7102	1	4
7103	1	3
7104	2	3
7105	1	3
7106	2	4
7107	2	4
7108	1	4
7109	1	4
7110	1	4
7111	1	4
7112	2	3
7113	2	4
7114	1	3
7115	1	2
7116	1	4
7117	1	3
7118	2	4
7119	1	3
7120	2	3
7121	2	3
7122	1	6
7123	1	3
7124	2	5
7125	2	3
7126	2	4
7127	1	3
7128	1	3
7129	1	3
7130	1	2
7131	1	3
7132	1	3
7133	2	3
7134	2	3
7135	1	5
7136	1	2
7137	1	4
7138	1	6
7139	2	4
7140	2	4
7141	1	3
7142	1	4
7143	1	3
7144	2	4
7145	2	3
7146	1	5
7147	2	3
7148	1	3
7149	2	3
7150	2	3
7151	1	4
7152	1	4
7153	1	5
7154	2	4
7155	1	4
7156	1	4
7157	1	4
7158	1	4
7159	1	2
7160	1	1
7161	1	3
7162	2	3
7163	2	4
7164	2	3
7165	1	2
7166	1	2
7167	1	4
7168	2	4
7169	0	3
7170	1	3
7171	2	3
7172	1	4
7173	1	4
7174	2	4
7175	2	2
7176	2	4
7177	1	4
7178	1	3
7179	1	4
7180	1	4
7181	2	4
7182	1	3
7183	2	5
7184	2	3
7185	1	3
7186	2	3
7187	2	3
7188	1	5
7189	1	6
7190	1	4
7191	1	4
7192	1	3
7193	2	4
7194	2	2
7195	1	2
7196	1	3
7197	2	6
7198	2	4
7199	1	4
7200	2	3
7201	2	3
7202	2	3
7203	1	3
7204	1	3
7205	1	4
7206	1	4
7207	1	2
7208	1	3
7209	1	3
7210	1	2
7211	1	5
7212	1	3
7213	1	5
7214	1	3
7215	1	4
7216	1	4
7217	1	5
7218	1	1
7219	2	4
7220	1	3
7221	2	4
7222	2	3
7223	2	3
7224	2	3
7225	1	4
7226	1	4
7227	1	2
7228	1	3
7229	2	5
7230	2	3
7231	1	4
7232	2	3
7233	2	4
7234	2	5
7235	1	3
7236	2	3
7237	2	4
7238	1	4
7239	1	3
7240	1	4
7241	2	3
7242	1	4
7243	1	5
7244	1	5
7245	1	4
7246	1	3
7247	2	3
7248	1	4
7249	0	1
7250	2	4
7251	1	4
7252	1	4
7253	1	3
7254	1	4
7255	2	3
7256	1	3
7257	2	6
7258	1	3
7259	2	3
7260	2	3
7261	1	3
7262	1	5
7263	1	3
7264	1	5
7265	1	1
7266	1	6
7267	1	2
7268	1	4
7269	1	5
7270	2	3
7271	1	2
7272	1	4
7273	1	4
7274	1	4
7275	1	4
7276	1	3
7278	1	3
7280	1	4
7281	0	1
7282	1	4
7283	1	4
7284	1	1
7285	2	4
7286	1	4
7287	1	4
7288	2	3
7289	2	4
7290	2	4
7291	2	3
7292	1	3
7293	1	4
7294	1	3
7295	2	3
7296	2	3
7297	1	3
7298	2	3
7299	1	3
7300	1	2
7301	2	3
7302	2	4
7303	1	4
7304	1	4
7305	1	3
7306	1	2
7307	1	3
7308	1	5
7309	2	4
7310	1	3
7311	2	5
7312	1	3
7313	2	4
7314	1	4
7315	1	2
7316	1	3
7317	1	1
7318	2	3
7319	1	4
7320	1	3
7321	1	4
7322	1	6
7323	1	3
7325	1	3
7326	2	4
7327	2	3
7328	1	4
7329	2	5
7330	2	3
7331	1	4
7332	2	4
7333	2	3
7334	1	4
7335	1	4
7336	1	3
7337	1	3
7338	2	3
7339	1	5
7340	1	3
7341	2	2
7342	2	3
7343	1	3
7344	2	3
7345	2	3
7346	1	5
7347	1	3
7348	2	3
7349	2	5
7350	1	4
7351	1	4
7352	1	3
7353	1	5
7354	1	3
7355	2	4
7356	2	4
7357	1	4
7358	1	5
7359	2	2
7360	2	3
7361	1	4
7362	1	3
7363	1	4
7364	2	3
7365	1	3
7366	1	1
7367	2	3
7368	1	3
7369	2	6
7370	1	1
7371	1	5
7372	1	3
7373	1	5
7374	2	3
7375	1	4
7376	2	3
7377	2	4
7378	1	4
7379	1	3
7380	1	6
7381	1	6
7382	1	3
7383	1	3
7384	1	4
7385	1	3
7386	1	3
7387	1	3
7388	1	4
7389	2	4
7390	1	5
7391	1	4
7392	1	3
7393	1	3
7394	1	5
7395	2	5
7396	1	1
7397	1	4
7398	1	3
7399	1	5
7400	1	4
7401	2	2
7402	2	2
7403	2	3
7404	2	3
7405	2	3
7406	1	5
7407	2	3
7408	2	3
7409	2	4
7410	2	4
7411	1	1
7412	2	3
7413	1	4
7414	1	4
7415	2	3
7416	1	3
7417	2	2
7418	1	1
7419	2	3
7420	1	4
7421	1	5
7422	2	4
7423	1	3
7424	1	6
7425	0	1
7426	1	5
7427	2	3
7428	1	3
7429	2	3
7430	1	5
7431	1	4
7432	2	3
7433	2	3
7434	2	4
7435	2	3
7436	2	3
7437	2	3
7438	1	3
7439	1	3
7440	1	4
7441	1	4
7442	1	4
7443	2	4
7444	2	6
7445	1	4
7446	1	3
7447	1	2
7448	1	3
7449	1	4
7450	2	4
7451	1	4
7452	1	2
7453	1	3
7454	1	3
7455	1	5
7456	1	3
7457	2	3
7458	1	3
7459	2	4
7460	1	3
7461	1	3
7462	1	3
7463	1	2
7464	1	5
7465	2	4
7466	1	2
7467	1	6
7468	2	1
7469	2	3
7470	1	3
7471	2	4
7472	1	3
7473	1	6
7474	1	4
7475	2	4
7476	2	6
7477	2	5
7478	2	4
7479	1	5
7480	2	3
7481	2	4
7482	1	4
7483	2	4
7484	1	4
7485	2	4
7486	1	2
7487	1	3
7488	1	2
7489	1	6
7490	1	4
7491	2	4
7492	1	4
7493	1	4
7494	1	3
7495	2	4
7496	2	3
7497	1	6
7498	1	3
7499	1	3
7500	1	4
7501	2	5
7502	1	3
7503	1	3
7504	2	4
7505	1	2
7506	1	4
7507	1	6
7508	1	6
7509	2	3
7510	2	3
7511	1	3
7512	1	3
7513	2	4
7514	1	3
7515	1	3
7516	1	6
7517	1	4
7518	1	4
7519	2	3
7520	1	3
7521	1	3
7522	1	4
7523	1	3
7524	2	4
7525	2	3
7526	2	1
7527	2	6
7528	1	1
7529	1	5
7530	1	5
7531	2	5
7532	1	5
7533	1	1
7534	1	2
7535	1	2
7536	1	4
7537	1	3
7538	1	4
7539	2	3
7540	1	5
7541	1	3
7542	1	2
7543	1	5
7544	2	4
7545	1	6
7546	1	5
7547	2	3
7548	1	3
7549	2	5
7550	2	4
7551	2	4
7552	1	3
7553	1	4
7554	1	5
7555	2	3
7556	1	4
7557	2	4
7558	1	4
7559	1	2
7560	1	3
7561	2	4
7562	2	3
7563	2	4
7564	2	3
7565	1	3
7566	1	5
7567	1	5
7568	1	4
7569	1	3
7570	1	4
7571	1	4
7572	1	3
7573	1	4
7574	1	3
7575	2	2
7576	2	4
7577	1	2
7578	2	3
7579	1	4
7580	1	5
7581	2	3
7582	2	3
7583	1	5
7584	0	1
7585	1	4
7586	1	3
7587	1	4
7588	1	4
7589	2	5
7590	1	5
7591	1	4
7592	1	3
7593	1	4
7594	1	5
7595	1	3
7596	2	5
7597	2	5
7598	1	4
7599	1	4
7600	2	3
7601	2	2
7602	2	4
7603	1	5
7604	2	3
7605	1	3
7606	2	3
7607	1	3
7608	2	2
7609	1	4
7610	1	4
7611	1	6
7612	1	3
7613	1	4
7614	2	1
7615	1	3
7616	1	3
7617	2	1
7618	1	4
7619	1	4
7620	1	4
7621	2	3
7622	2	4
7623	1	5
7624	2	4
7625	1	2
7626	1	3
7627	1	3
7628	2	3
7629	1	3
7630	1	3
7631	2	4
7632	2	3
7633	2	5
7634	2	1
7635	2	5
7636	1	3
7637	2	5
7638	1	4
7639	2	4
7640	2	5
7641	1	3
7642	1	3
7643	2	3
7644	2	2
7645	2	4
7646	2	3
7647	1	4
7648	2	4
7649	2	4
7650	2	3
7651	2	4
7652	1	3
7653	2	4
7654	2	3
7655	2	3
7656	1	3
7657	1	3
7658	2	3
7659	1	4
7660	1	3
7661	1	3
7662	2	4
7663	2	4
7664	2	3
7665	1	2
7666	2	4
7667	1	5
7668	1	3
7669	2	4
7670	2	3
7671	2	3
7672	1	4
7673	1	2
7674	0	1
7675	1	3
7676	1	5
7677	1	3
7678	1	6
7679	1	5
7680	1	3
7681	2	5
7682	2	3
7683	1	1
7684	2	3
7685	2	2
7686	1	6
7687	2	3
7688	0	1
7689	0	1
7690	2	4
7691	1	3
7692	1	5
7693	1	4
7694	1	4
7695	2	3
7696	1	4
7697	2	4
7698	1	3
7699	1	3
7700	1	3
7701	1	2
7702	1	3
7703	2	3
7704	1	3
7705	1	5
7706	2	3
7707	2	3
7708	1	4
7709	1	5
7710	2	4
7711	1	3
7712	2	3
7713	1	4
7714	1	5
7715	1	3
7716	1	4
7717	1	4
7718	2	3
7719	2	3
7720	2	6
7721	1	4
7722	1	6
7723	1	3
7724	1	3
7725	2	4
7726	1	4
7727	1	4
7728	2	3
7729	1	3
7730	1	5
7731	1	3
7732	1	5
7733	2	2
7734	2	4
7735	1	5
7736	2	2
7737	1	4
7738	1	4
7739	1	3
7740	1	4
7741	1	2
7742	1	3
7743	2	5
7744	1	3
7745	1	3
7746	1	4
7747	1	3
7748	1	3
7749	2	4
7751	2	4
7752	1	3
7753	1	2
7754	2	4
7755	1	4
7756	1	3
7757	1	3
7758	1	4
7759	2	4
7760	1	3
7761	1	5
7762	1	4
7763	1	5
7764	2	3
7765	1	3
7766	1	2
7767	2	5
7768	2	3
7769	2	2
7770	1	5
7771	2	3
7772	1	2
7773	2	4
7774	1	3
7775	2	4
7776	1	5
7777	2	4
7778	2	3
7779	2	3
7780	1	3
7781	1	3
7782	1	3
7783	2	3
7784	2	4
7785	1	2
7786	2	4
7787	2	2
7788	1	4
7789	1	5
7790	1	1
7791	1	3
7792	2	5
7793	1	6
7794	2	6
7795	2	4
7796	1	1
7797	1	4
7798	2	5
7799	2	3
7800	1	3
7801	2	4
7802	1	4
7803	1	3
7804	2	4
7805	1	4
7806	2	3
7807	1	4
7808	1	2
7809	1	1
7810	1	3
7811	1	4
7812	2	6
7813	1	6
7814	1	3
7815	2	4
7816	1	3
7817	2	3
7818	2	5
7819	2	3
7820	1	4
7821	1	4
7822	1	3
7823	1	5
7824	2	3
7825	1	3
7826	1	3
7827	1	4
7828	1	6
7829	1	3
7830	1	4
7831	1	3
7832	2	4
7833	1	2
7834	1	5
7835	2	6
7836	1	3
7837	1	4
7838	2	4
7839	1	6
7840	1	6
7841	2	5
7842	2	3
7843	2	4
7844	2	4
7845	1	2
7846	2	2
7847	2	3
7848	2	4
7849	1	2
7850	1	3
7851	1	5
7852	2	3
7853	2	3
7854	2	6
7855	2	2
7856	1	4
7857	2	5
7858	1	4
7859	1	3
7860	1	6
7861	1	4
7862	2	3
7863	1	5
7864	2	3
7865	1	3
7866	2	4
7867	1	6
7868	2	4
7869	2	4
7870	2	3
7871	1	4
7872	2	3
7873	1	2
7874	1	4
7875	1	3
7876	2	4
7877	1	3
7878	1	3
7879	2	3
7880	1	1
7881	2	3
7882	2	4
7883	1	3
7884	2	4
7885	1	2
7886	1	2
7887	2	4
7888	2	2
7889	1	2
7890	1	3
7891	2	3
7892	2	3
7893	2	1
7894	2	3
7895	1	5
7896	1	5
7897	1	2
7898	1	2
7899	2	5
7900	1	5
7901	2	5
7902	0	6
7903	2	4
7904	1	1
7905	2	5
7906	2	5
7907	1	4
7908	2	3
7909	1	3
7910	2	4
7912	2	1
7913	1	3
7914	1	5
7915	1	4
7916	1	3
7917	1	2
7918	2	3
7919	2	5
7920	1	3
7921	1	4
7922	2	4
7923	2	4
7924	1	3
7925	2	4
7926	1	5
7927	1	3
7928	1	2
7929	1	3
7930	1	4
7931	1	2
7932	1	4
7933	1	5
7934	2	3
7935	1	3
7936	1	3
7937	1	1
7938	2	4
7939	2	3
7940	1	2
7941	1	3
7942	1	4
7943	1	4
7944	1	1
7945	1	3
7946	2	3
7947	1	2
7948	2	4
7949	1	2
7950	1	3
7951	1	2
7952	2	6
7953	1	4
7954	1	4
7955	2	3
7956	2	5
7957	1	1
7958	2	4
7959	1	2
7960	2	4
7961	2	3
7962	2	1
7963	2	3
7964	1	3
7965	1	1
7966	2	4
7967	2	2
7968	1	4
7969	0	1
7970	2	1
7971	1	3
7972	2	4
7973	1	3
7974	2	4
7975	1	5
7976	1	5
7977	1	3
7978	1	3
7979	1	3
7980	1	3
7981	1	3
7982	1	4
7983	1	3
7984	2	4
7985	2	3
7986	1	3
7987	2	3
7988	1	5
7989	1	3
7990	1	2
7991	1	4
7992	2	3
7993	2	4
7994	2	3
7995	2	3
7996	2	4
7997	2	5
7998	1	3
7999	2	3
8000	1	3
8001	1	3
8002	1	2
8003	1	2
8004	2	3
8005	2	3
8006	2	5
8007	2	3
8008	2	4
8009	2	4
8010	1	5
8011	2	3
8012	1	3
8013	1	5
8014	2	4
8015	1	4
8016	1	4
8017	1	2
8018	1	3
8019	1	4
8020	2	5
8021	2	4
8022	1	3
8023	1	2
8024	2	2
8025	2	6
8026	1	3
8027	1	5
8028	2	3
8029	2	2
8030	1	6
8031	1	3
8032	1	5
8033	1	4
8034	1	3
8035	1	3
8036	1	4
8037	1	3
8038	2	3
8039	1	3
8040	1	5
8041	1	3
8042	1	4
8043	1	6
8044	2	3
8045	1	4
8046	2	3
8047	2	3
8048	1	3
8049	1	4
8050	2	3
8051	1	3
8052	2	3
8053	1	2
8054	2	3
8055	2	5
8056	1	4
8057	2	5
8058	2	4
8059	2	3
8060	1	4
8061	1	3
8062	1	5
8063	1	4
8064	1	4
8065	2	4
8066	1	4
8067	2	3
8068	1	4
8069	1	4
8070	2	3
8071	1	4
8072	2	3
8073	1	4
8074	1	3
8075	1	6
8076	2	3
8077	2	3
8078	1	6
8079	1	2
8081	1	1
8082	1	3
8083	2	1
8084	2	6
8085	2	4
8086	1	3
8087	1	5
8089	1	1
8090	1	1
8091	1	6
8092	2	1
8094	1	3
8095	1	5
8096	1	5
8097	2	3
8098	2	4
8099	1	4
8100	2	5
8101	1	4
8102	1	2
8103	1	2
8104	2	3
8105	1	4
8106	2	3
8107	1	5
8108	2	3
8109	2	5
8110	1	3
8111	1	5
8112	1	2
8113	1	3
8114	2	4
8115	2	2
8116	1	4
8117	2	5
8118	1	4
8119	1	3
8120	1	4
8121	1	3
8122	2	4
8123	2	3
8124	1	6
8125	1	4
8126	2	4
8127	1	4
8128	1	4
8129	2	5
8130	1	5
8131	2	3
8132	1	3
8133	1	3
8134	1	4
8135	1	4
8136	1	4
8137	1	2
8138	2	3
8139	2	1
8140	1	3
8141	2	4
8142	1	5
8143	2	3
8145	2	3
8146	1	3
8147	2	4
8148	2	3
8149	1	4
8150	1	3
8151	2	4
8152	1	4
8153	1	4
8154	2	4
8155	2	5
8156	0	1
8157	1	3
8158	1	3
8159	1	6
8160	1	3
8161	2	3
8162	1	3
8163	1	3
8164	1	4
8165	1	4
8166	2	3
8167	1	4
8168	1	3
8169	1	3
8170	1	2
8171	1	2
8172	1	3
8173	1	6
8175	1	5
8176	2	2
8177	1	5
8178	1	3
8179	1	3
8180	1	2
8181	2	2
8182	2	2
8183	2	3
8184	1	4
8185	1	3
8186	2	3
8187	2	3
8188	2	5
8189	1	2
8190	1	6
8191	2	3
8192	1	5
8193	1	4
8195	1	4
8196	1	1
8197	1	3
8198	1	3
8199	1	5
8200	1	5
8201	2	4
8202	1	3
8203	1	3
8204	2	3
8205	2	4
8206	2	4
8207	2	3
8208	2	3
8209	2	2
8210	2	2
8211	1	3
8212	1	3
8213	1	3
8214	1	4
8215	1	3
8216	1	5
8217	1	4
8218	2	4
8219	1	3
8220	1	2
8221	1	2
8222	1	5
8223	2	3
8224	1	2
8225	1	3
8226	2	5
8227	1	4
8228	1	2
8229	1	4
8230	0	1
8231	2	2
8232	1	3
8233	1	2
8234	1	4
8235	2	4
8236	1	1
8237	2	2
8238	1	1
8239	2	3
8240	2	4
8241	2	4
8242	1	5
8243	2	4
8244	1	5
8246	1	6
8247	1	1
8248	1	4
8249	2	4
8250	1	3
8251	0	1
8252	1	5
8253	1	5
8254	1	4
8255	1	3
8256	1	3
8257	2	4
8258	1	3
8259	1	5
8260	2	3
8261	2	3
8262	2	3
8263	1	3
8264	2	3
8265	1	4
8266	1	1
8267	2	5
8268	1	3
8269	1	4
8270	1	3
8271	2	4
8272	2	4
8273	2	3
8274	2	3
8275	1	3
8276	2	4
8277	1	3
8278	1	2
8279	2	5
8280	1	1
8281	1	3
8282	1	3
8283	2	3
8284	1	2
8287	1	6
8288	1	1
8289	2	4
8290	1	2
8291	2	3
8292	1	3
8293	2	4
8294	1	4
8295	1	6
8296	1	6
8298	1	3
8299	2	3
8300	1	4
8301	1	6
8302	2	4
8303	1	3
8304	1	2
8305	1	2
8306	2	3
8307	1	3
8308	1	4
8309	1	3
8310	2	3
8311	2	3
8312	2	3
8313	1	4
8314	1	3
8315	1	3
8316	1	2
8317	1	3
8318	1	4
8319	1	4
8320	2	4
8321	1	4
8322	2	3
8323	1	4
8324	2	4
8325	1	3
8326	2	3
8327	2	4
8328	1	2
8329	1	4
8330	2	3
8331	1	4
8332	1	2
8333	1	5
8334	1	3
8335	2	3
8336	1	4
8337	2	5
8338	1	2
8339	1	2
8340	2	3
8341	1	3
8342	2	2
8343	1	3
8344	2	3
8345	1	2
8346	2	5
8347	1	4
8348	2	3
8349	2	1
8350	1	1
8351	1	2
8352	1	4
8353	1	5
8354	2	4
8355	1	5
8356	1	2
8357	1	4
8358	2	4
8359	1	3
8360	1	1
8361	2	4
8362	1	1
8363	1	3
8364	1	3
8365	1	5
8366	2	5
8367	1	5
8368	2	3
8369	1	5
8370	1	3
8371	1	3
8372	1	4
8373	2	3
8374	2	4
8375	1	4
8376	1	1
8377	2	4
8378	1	3
8379	1	3
8380	2	3
8381	1	3
8382	1	3
8383	2	3
8384	1	4
8385	2	4
8386	1	5
8387	1	3
8388	1	3
8389	1	6
8390	2	2
8391	1	5
8392	1	3
8393	2	3
8394	1	2
8395	1	5
8396	1	3
8397	1	4
8398	2	4
8399	1	2
8400	2	4
8401	2	3
8402	1	6
8403	2	4
8404	1	5
8405	2	4
8406	1	4
8407	1	5
8408	1	3
8409	2	3
8410	2	5
8411	1	5
8412	2	5
8413	1	3
8414	1	3
8415	1	4
8416	1	3
8417	2	4
8418	1	3
8419	2	5
8420	1	4
8421	1	4
8422	1	6
8423	1	2
8424	1	3
8425	2	3
8426	2	4
8427	2	5
8428	1	4
8429	2	4
8430	1	3
8431	1	2
8432	1	3
8433	1	4
8434	2	3
8435	1	5
8436	2	3
8437	2	5
8438	2	3
8439	2	3
8440	1	3
8441	1	3
8442	1	5
8443	1	4
8444	1	3
8445	1	5
8446	2	2
8447	2	3
8448	1	6
8449	2	2
8450	2	4
8451	2	3
8452	1	1
8453	1	4
8454	2	5
8455	1	4
8456	1	4
8457	1	6
8458	1	5
8459	1	5
8460	2	4
8461	2	5
8462	1	4
8463	1	3
8464	2	4
8465	1	1
8466	1	4
8467	1	6
8468	1	4
8469	2	3
8470	1	4
8471	2	3
8472	1	4
8473	2	3
8474	1	3
8475	1	5
8476	2	3
8477	1	3
8478	1	4
8479	1	5
8480	2	4
8481	2	1
8482	2	3
8483	2	3
8484	2	3
8485	1	2
8486	1	4
8487	1	4
8488	1	4
8489	1	3
8490	1	3
8491	1	5
8492	1	6
8493	2	4
8494	1	3
8495	1	4
8496	1	1
8497	2	1
8498	2	4
8499	1	4
8500	1	2
8501	1	4
8502	2	1
8503	1	3
8504	1	4
8505	2	4
8506	2	4
8507	1	4
8508	1	3
8509	2	4
8510	1	4
8511	1	4
8512	2	5
8513	1	3
8514	2	3
8515	1	3
8516	1	3
8517	1	5
8518	2	1
8519	1	6
8520	2	3
8521	2	3
8522	2	3
8523	1	5
8524	1	5
8525	2	4
8526	1	4
8527	1	4
8528	2	3
8529	2	4
8530	1	3
8531	2	4
8532	1	3
8533	1	4
8534	1	3
8535	2	3
8536	1	4
8537	1	3
8538	1	4
8539	1	4
8540	1	4
8541	1	4
8542	2	5
8543	1	4
8544	2	5
8545	2	2
8546	2	3
8547	1	4
8548	2	4
8549	1	4
8550	1	5
8551	2	3
8552	1	3
8553	1	3
8554	1	3
8555	1	4
8556	2	4
8557	2	3
8558	1	5
8559	2	3
8560	2	3
8561	2	2
8562	2	4
8563	1	4
8564	1	4
8565	1	3
8566	2	3
8567	1	2
8568	1	2
8569	1	4
8570	1	2
8571	1	1
8572	1	6
8573	1	3
8574	1	5
8575	1	5
8576	2	2
8577	2	3
8578	1	4
8579	1	3
8580	1	6
8581	1	6
8582	2	2
8583	2	3
8584	1	5
8585	2	3
8586	1	3
8587	1	3
8588	1	2
8589	2	1
8590	1	2
8591	2	2
8592	2	5
8593	2	1
8594	1	5
8595	1	3
8596	1	3
8597	2	4
8598	2	3
8599	1	3
8600	1	4
8601	2	3
8602	1	3
8603	1	3
8604	1	3
8605	2	3
8606	1	4
8607	1	3
8608	2	5
8609	2	4
8610	1	4
8611	2	4
8612	1	2
8613	2	4
8614	1	3
8615	1	4
8616	2	3
8617	2	3
8618	2	5
8619	1	3
8620	1	5
8621	2	4
8622	2	4
8623	1	2
8624	1	4
8625	2	3
8626	2	3
8627	2	4
8628	2	2
8629	2	4
8630	1	4
8631	2	5
8632	2	3
8633	1	4
8634	1	2
8635	1	5
8636	1	4
8637	1	6
8638	1	6
8639	2	2
8640	2	3
8641	1	3
8642	2	3
8643	1	2
8644	2	2
8645	2	2
8646	1	3
8647	1	4
8648	1	6
8649	1	4
8650	2	4
8651	2	2
8652	1	3
8653	2	1
8654	1	3
8655	2	4
8656	1	5
8657	2	4
8658	2	5
8659	2	4
8660	2	3
8661	1	3
8662	1	3
8663	1	3
8664	1	3
8665	1	4
8666	0	1
8667	1	3
8668	1	3
8669	1	4
8670	2	3
8671	1	5
8672	2	3
8673	1	3
8674	1	6
8675	1	3
8676	1	4
8678	1	5
8679	1	3
8680	2	4
8681	1	3
8682	2	3
8683	2	3
8684	2	2
8685	1	4
8686	2	3
8687	1	4
8688	2	4
8689	1	3
8690	1	4
8691	2	3
8692	1	3
8693	1	3
8694	1	3
8695	2	4
8696	1	3
8697	2	3
8698	2	3
8699	1	3
8700	1	4
8701	1	3
8702	1	4
8703	2	3
8704	2	3
8705	2	4
8706	1	6
8707	2	5
8708	1	3
8709	2	5
8710	1	5
8711	1	2
8712	1	2
8713	1	5
8714	2	3
8715	2	2
8716	1	4
8717	2	6
8718	2	1
8719	1	4
8720	1	3
8721	2	5
8722	1	6
8723	1	4
8724	1	4
8725	1	2
8726	2	4
8727	2	5
8728	1	3
8729	1	4
8730	2	3
8731	2	3
8732	1	3
8733	1	4
8734	1	3
8735	2	3
8736	2	6
8737	2	3
8738	1	3
8739	1	4
8740	1	3
8741	1	4
8742	1	4
8743	1	3
8744	1	4
8745	1	3
8746	1	3
8747	2	4
8748	1	3
8749	1	5
8750	2	5
8751	1	3
8752	1	4
8753	2	3
8754	2	3
8755	2	4
8756	1	3
8757	2	1
8758	1	3
8759	1	2
8760	1	6
8761	1	4
8762	1	4
8763	1	4
8764	1	4
8765	1	3
8766	1	4
8767	2	4
8768	1	3
8769	2	3
8770	0	3
8771	1	4
8772	1	6
8773	2	3
8774	2	3
8775	2	1
8776	2	3
8777	2	5
8778	1	6
8779	2	3
8780	1	4
8781	2	4
8782	2	2
8783	2	3
8784	1	4
8785	2	4
8786	1	5
8787	1	1
8788	1	5
8789	2	4
8790	2	5
8791	1	1
8792	1	4
8793	2	3
8794	2	3
8795	1	3
8796	1	4
8797	1	3
8798	1	3
8799	2	3
8800	1	4
8801	1	2
8802	1	3
8803	1	4
8804	1	4
8805	2	3
8806	1	5
8807	2	3
8808	2	3
8809	1	3
8810	2	1
8811	1	3
8812	1	5
8813	1	3
8814	1	6
8815	1	3
8816	2	4
8817	1	3
8818	1	5
8819	1	4
8820	1	3
8821	1	3
8822	1	3
8823	1	4
8824	1	2
8825	1	3
8826	1	6
8827	2	4
8828	1	4
8829	1	5
8830	2	4
8831	1	3
8832	1	5
8833	1	3
8834	1	2
8835	1	4
8836	1	6
8837	1	6
8838	2	4
8839	1	4
8840	2	3
8841	1	4
8842	1	3
8843	2	2
8844	2	3
8845	1	3
8846	1	5
8847	2	3
8848	1	4
8849	2	4
8850	2	4
8851	1	4
8852	1	3
8853	2	4
8854	1	3
8855	0	2
8857	1	6
8858	2	1
8859	2	4
8860	2	4
8861	1	4
8862	2	3
8863	1	3
8864	1	3
8865	1	3
8866	2	3
8867	2	3
8868	2	5
8869	1	4
8870	1	3
8871	2	5
8872	1	5
8873	2	3
8874	1	3
8875	2	4
8876	1	3
8877	1	5
8878	1	4
8879	2	4
8880	1	3
8881	1	3
8882	2	3
8883	1	2
8884	1	3
8885	1	3
8886	2	5
8887	2	4
8888	2	4
8889	2	5
8890	1	3
8891	1	2
8892	1	3
8893	1	5
8894	1	3
8895	1	5
8896	1	2
8897	1	3
8898	1	2
8899	1	4
8900	2	4
8901	1	4
8902	1	4
8903	2	3
8904	2	4
8905	2	4
8906	1	3
8907	2	2
8908	2	2
8909	2	3
8910	1	4
8911	2	4
8912	2	4
8913	1	5
8914	1	1
8915	2	4
8916	0	1
8917	1	4
8918	2	3
8919	2	2
8920	1	4
8921	1	3
8922	1	5
8923	1	4
8924	1	4
8925	1	3
8926	1	3
8927	1	5
8928	1	3
8929	2	2
8930	1	5
8931	1	5
8932	1	3
8933	1	3
8934	1	3
8935	1	3
8936	2	4
8937	1	3
8938	1	3
8939	2	4
8940	1	3
8941	1	5
8942	2	4
8943	2	3
8944	2	3
8945	1	4
8946	1	3
8947	1	5
8948	1	5
8949	1	2
8950	1	3
8951	1	4
8952	2	4
8953	1	3
8954	2	3
8955	1	4
8956	1	4
8957	1	3
8958	1	2
8959	1	5
8960	2	4
8961	2	5
8962	1	4
8963	1	3
8964	1	2
8965	1	4
8966	1	4
8967	2	4
8968	1	2
8969	2	2
8970	1	3
8971	1	3
8972	2	3
8973	2	3
8974	1	3
8975	1	2
8976	1	4
8977	2	2
8978	1	6
8979	2	5
8980	2	1
8981	1	3
8982	1	2
8983	2	4
8984	1	3
8985	1	5
8986	2	4
8987	2	4
8988	2	1
8989	2	4
8990	1	5
8992	1	2
8993	1	2
8994	1	4
8995	2	3
8996	1	3
8997	1	3
8998	1	1
8999	2	3
9000	1	2
9001	2	3
9002	1	3
9003	2	3
9004	1	3
9005	1	6
9006	2	4
9007	1	3
9008	2	3
9009	1	3
9010	1	4
9011	1	4
9012	2	3
9013	1	5
9014	2	3
9015	2	3
9016	2	3
9017	2	3
9018	1	4
9019	2	2
9020	2	4
9021	1	3
9022	1	2
9023	1	2
9024	1	5
9025	2	3
9026	2	3
9027	1	4
9028	1	3
9029	1	3
9030	1	5
9031	2	5
9032	1	5
9033	2	3
9034	1	4
9035	2	3
9036	2	3
9037	2	4
9038	0	1
9039	1	4
9040	1	4
9041	1	3
9042	1	4
9043	2	3
9044	2	3
9045	1	5
9046	1	1
9047	1	3
9048	1	5
9049	2	5
9050	1	4
9051	1	5
9052	1	5
9053	2	3
9054	1	5
9055	2	3
9056	2	4
9057	1	3
9058	1	3
9059	1	4
9060	1	6
9061	1	2
9062	2	4
9063	1	3
9064	2	3
9065	1	3
9066	1	4
9067	2	4
9068	1	3
9069	2	5
9070	1	4
9071	1	2
9072	2	4
9073	1	1
9074	1	4
9075	2	4
9076	2	4
9077	2	3
9078	1	3
9079	2	3
9080	2	3
9081	2	3
9082	1	3
9083	1	6
9084	1	4
9085	2	5
9086	1	2
9087	1	4
9088	1	3
9089	1	5
9090	1	3
9091	2	3
9092	2	4
9093	1	3
9094	1	3
9095	2	3
9096	1	4
9097	2	4
9098	2	5
9099	2	2
9100	2	3
9101	0	1
9102	2	2
9103	2	4
9104	2	4
9105	1	3
9106	1	4
9107	2	3
9108	2	4
9109	1	2
9110	1	4
9111	1	3
9112	1	3
9113	2	5
9114	2	2
9115	2	4
9116	1	4
9117	1	5
9118	2	3
9120	1	3
9121	1	3
9122	2	3
9123	1	3
9124	1	3
9125	1	4
9126	1	3
9127	1	3
9128	1	6
9129	2	4
9130	1	4
9131	1	3
9132	2	4
9133	2	2
9134	1	1
9135	1	4
9136	2	4
9137	1	2
9138	1	3
9139	1	3
9140	2	3
9141	2	4
9142	2	2
9143	1	4
9144	2	3
9145	2	3
9146	2	2
9147	1	2
9148	2	4
9149	1	2
9150	1	3
9151	1	2
9152	2	2
9153	1	6
9154	2	3
9155	2	1
9156	1	5
9157	2	3
9158	1	6
9159	2	6
9160	1	5
9161	2	3
9162	1	4
9163	1	2
9164	2	5
9165	1	3
9166	1	4
9167	1	3
9168	1	5
9169	2	2
9170	1	3
9171	1	2
9172	1	5
9173	1	4
9174	1	4
9175	2	3
9176	1	5
9177	1	4
9178	2	3
9179	1	4
9180	1	5
9181	1	3
9182	1	3
9183	1	3
9184	1	3
9185	1	2
9186	1	4
9187	2	4
9188	1	3
9189	1	6
9190	1	6
9191	2	3
9192	2	5
9193	1	4
9194	2	3
9195	2	1
9196	1	4
9197	2	4
9198	1	3
9199	2	3
9200	1	4
9201	1	4
9202	2	4
9203	1	3
9204	1	4
9205	1	2
9206	1	5
9207	1	4
9208	1	5
9209	2	5
9210	2	3
9211	2	2
9212	1	4
9213	1	4
9214	1	6
9215	1	5
9216	2	3
9217	2	4
9218	1	5
9219	1	4
9220	2	4
9221	1	3
9222	1	3
9223	1	2
9224	2	6
9225	2	1
9226	1	4
9227	2	4
9228	1	2
9229	2	5
9230	1	5
9231	2	6
9232	1	4
9233	1	4
9234	2	5
9235	1	4
9236	2	1
9237	2	5
9238	2	3
9239	2	5
9240	2	4
9242	2	3
9243	2	3
9244	2	4
9245	1	4
9246	1	3
9247	2	3
9248	2	4
9249	1	3
9250	2	4
9251	1	4
9252	1	4
9253	2	4
9254	2	3
9255	1	4
9256	2	5
9257	1	3
9258	2	3
9259	1	4
9260	1	3
9261	1	5
9262	1	2
9263	1	3
9264	1	3
9265	2	3
9266	1	3
9267	2	3
9268	1	3
9269	1	6
9270	1	4
9271	1	4
9272	2	3
9273	2	3
9274	2	5
9275	2	3
9276	1	5
9277	2	2
9278	1	4
9279	1	5
9280	2	3
9281	2	2
9282	1	4
9283	1	3
9284	2	3
9285	2	3
9286	1	3
9287	1	2
9288	1	4
9289	2	4
9290	2	4
9291	0	1
9292	0	1
9293	2	4
9294	2	4
9295	1	2
9296	2	4
9297	1	3
9298	1	5
9299	1	5
9300	1	3
9301	1	4
9302	2	5
9303	2	3
9304	1	6
9305	2	4
9306	2	3
9307	1	5
9308	2	5
9309	2	3
9310	1	3
9311	1	4
9312	2	5
9313	1	4
9314	2	3
9315	1	4
9316	1	6
9317	1	4
9318	2	5
9319	2	5
9320	1	3
9321	1	3
9322	1	3
9323	2	3
9324	2	5
9325	2	4
9326	1	3
9327	2	6
9328	1	3
9329	1	3
9330	1	3
9331	1	4
9332	2	4
9333	1	6
9334	1	3
9335	2	4
9336	1	3
9337	1	3
9338	1	4
9339	1	4
9340	1	4
9341	1	6
9342	2	3
9343	1	3
9344	1	3
9345	1	5
9346	1	5
9347	1	5
9348	2	3
9349	2	6
9350	1	5
9351	2	3
9352	2	2
9353	2	5
9354	1	4
9355	1	4
9356	2	4
9357	1	4
9358	1	2
9359	1	5
9360	1	3
9361	2	3
9362	1	2
9363	1	4
9364	1	4
9365	1	6
9366	2	1
9367	1	3
9368	1	4
9369	1	5
9370	2	4
9371	1	4
9372	2	4
9373	2	4
9374	1	4
9375	1	3
9376	1	6
9377	1	3
9378	2	3
9379	1	4
9380	2	4
9381	1	3
9382	1	4
9383	2	3
9384	2	5
9385	1	3
9386	1	4
9387	1	3
9388	2	5
9389	1	4
9390	2	4
9391	1	5
9392	1	3
9393	1	2
9394	1	4
9395	1	4
9396	1	3
9397	1	3
9398	1	3
9399	2	3
9400	1	4
9401	1	6
9402	1	3
9403	1	4
9404	2	3
9405	1	5
9406	1	3
9407	1	2
9408	1	5
9409	2	4
9410	2	2
9411	1	3
9412	1	6
9413	1	4
9414	1	5
9415	1	3
9416	1	3
9417	1	3
9418	1	3
9419	2	5
9420	2	2
9421	0	1
9422	2	4
9423	1	2
9424	1	3
9425	2	3
9426	1	4
9427	0	1
9428	2	2
9429	2	4
9430	2	5
9431	1	3
9432	1	4
9433	1	4
9434	0	1
9435	1	4
9436	1	1
9437	2	1
9438	1	3
9439	1	4
9440	2	1
9441	1	3
9442	1	4
9443	2	3
9444	1	4
9445	1	3
9446	2	4
9447	2	4
9448	1	4
9449	2	5
9450	1	5
9451	1	3
9452	0	1
9453	1	3
9454	1	5
9455	2	3
9456	1	3
9457	1	5
9458	2	3
9459	1	4
9460	2	3
9461	2	3
9462	1	3
9463	1	4
9464	1	3
9465	2	4
9466	2	2
9467	1	3
9468	1	6
9469	2	4
9470	1	4
9471	2	4
9472	2	3
9473	1	3
9474	2	3
9475	2	6
9476	2	2
9477	1	4
9478	1	3
9479	1	6
9480	2	6
9481	2	3
9482	1	2
9483	1	3
9484	2	5
9485	1	5
9486	1	3
9488	1	1
9489	1	3
9490	1	3
9491	1	4
9492	1	5
9493	1	4
9494	2	1
9495	2	3
9496	1	5
9497	1	3
9498	1	4
9499	2	1
9500	1	3
9501	1	3
9502	1	4
9503	2	2
9504	1	3
9505	1	5
9506	1	6
9507	1	3
9508	2	5
9509	1	4
9510	1	4
9511	2	3
9512	1	3
9513	2	3
9514	1	3
9515	2	3
9516	2	4
9517	1	3
9518	1	6
9519	2	4
9520	2	3
9521	2	4
9522	1	6
9523	1	3
9524	1	3
9525	1	2
9526	2	3
9527	1	6
9528	2	3
9529	1	5
9530	1	2
9531	1	3
9532	2	3
9533	2	4
9534	1	5
9535	2	4
9536	1	4
9537	1	2
9538	2	2
9539	2	2
9540	1	6
9541	1	5
9542	1	4
9543	2	3
9544	2	4
9545	1	4
9546	1	3
9547	2	3
9548	2	4
9549	2	5
9550	1	4
9551	2	3
9552	1	6
9553	2	3
9554	1	5
9555	2	2
9556	2	4
9557	1	4
9558	1	3
9559	1	3
9560	1	1
9561	2	4
9562	1	3
9563	2	2
9564	2	3
9565	2	4
9566	1	4
9567	1	3
9568	1	3
9569	2	1
9570	2	3
9571	2	5
9572	1	4
9573	2	5
9574	1	1
9575	1	3
9576	2	4
9577	1	3
9578	1	3
9579	2	4
9580	1	6
9581	2	3
9582	2	3
9583	2	4
9584	1	3
9585	1	4
9586	1	3
9587	1	4
9588	1	3
9589	2	5
9590	1	3
9591	1	3
9592	2	4
9593	1	4
9594	2	3
9595	1	3
9596	1	5
9597	1	2
9598	2	2
9599	1	3
9600	1	4
9601	1	2
9602	1	5
9603	1	2
9604	2	3
9605	1	3
9606	2	4
9607	1	5
9608	2	3
9609	2	1
9610	2	3
9611	1	4
9612	2	3
9613	1	5
9614	2	3
9615	1	3
9616	2	4
9617	1	2
9618	2	6
9619	2	3
9620	2	3
9621	2	4
9622	1	3
9623	1	4
9624	1	6
9625	1	3
9626	1	5
9627	2	5
9628	2	5
9629	1	3
9630	1	4
9631	2	4
9632	2	3
9633	2	4
9634	1	3
9635	2	4
9636	1	4
9637	1	2
9638	2	4
9639	1	4
9640	2	6
9641	2	4
9642	1	3
9643	1	1
9644	1	4
9645	2	3
9646	2	1
9647	2	4
9648	1	4
9650	1	2
9651	1	3
9652	2	4
9653	1	3
9654	2	4
9655	2	3
9656	2	3
9657	1	3
9658	1	4
9659	1	5
9660	1	6
9661	2	4
9662	1	4
9663	2	3
9664	1	2
9665	2	3
9666	1	3
9667	1	4
9668	1	3
9669	2	3
9670	1	3
9671	1	6
9672	1	5
9673	1	6
9674	1	3
9675	1	1
9676	1	2
9677	1	3
9678	1	5
9679	2	2
9680	1	4
9681	1	2
9682	1	5
9683	1	4
9684	1	4
9685	1	3
9686	1	6
9687	1	3
9688	0	1
9689	2	4
9690	2	3
9691	2	4
9692	2	3
9693	1	3
9694	2	5
9695	1	4
9696	1	4
9697	1	2
9698	1	4
9699	1	2
9700	1	6
9701	1	1
9702	1	3
9703	1	2
9704	1	6
9705	2	2
9706	1	4
9707	1	5
9708	1	2
9709	1	6
9710	1	4
9711	1	4
9712	1	4
9713	1	1
9714	1	3
9715	1	1
9716	2	4
9717	1	3
9718	1	2
9719	1	5
9720	2	3
9721	1	4
9722	1	4
9723	2	3
9724	1	3
9725	2	3
9726	1	4
9727	2	4
9728	1	3
9729	1	4
9730	2	3
9731	1	2
9732	2	3
9733	2	4
9734	1	5
9735	1	4
9736	2	5
9737	2	3
9738	1	3
9739	1	5
9740	2	4
9741	1	6
9742	1	1
9743	2	4
9744	1	4
9745	1	4
9746	1	4
9747	2	3
9748	2	5
9749	1	1
9750	1	4
9751	1	2
9752	1	4
9753	2	4
9754	2	3
9755	1	2
9756	2	1
9757	1	4
9758	2	4
9759	2	6
9760	1	3
9761	1	6
9762	2	3
9763	1	3
9764	1	4
9765	1	4
9766	1	4
9768	1	3
9769	2	3
9770	2	4
9771	1	5
9772	0	1
9773	1	3
9774	1	4
9775	1	4
9776	2	3
9777	1	1
9778	1	3
9779	2	3
9780	1	5
9781	1	4
9782	2	4
9783	1	3
9784	1	2
9785	2	3
9786	1	5
9787	1	4
9788	2	5
9789	1	3
9790	1	3
9791	2	3
9792	1	4
9793	1	3
9794	2	4
9795	2	3
9796	1	3
9797	1	3
9798	1	3
9799	2	3
9800	1	4
9801	2	4
9802	2	5
9803	2	3
9804	1	3
9805	1	3
9806	1	6
9807	2	5
9808	2	4
9809	2	3
9810	1	3
9811	2	5
9812	2	2
9813	1	3
9814	2	2
9815	2	3
9816	1	3
9817	1	4
9818	1	2
9819	2	3
9820	2	6
9821	1	3
9822	1	4
9823	1	3
9824	1	2
9825	1	3
9826	1	5
9827	1	3
9828	1	3
9829	2	5
9830	1	6
9831	1	3
9832	2	3
9833	1	2
9834	2	3
9835	1	3
9836	1	6
9837	1	5
9838	1	5
9839	2	5
9840	2	3
9841	1	4
9842	2	3
9843	2	2
9844	1	5
9845	2	3
9846	1	3
9847	2	6
9848	2	4
9849	1	4
9850	1	6
9851	1	2
9852	1	3
9853	1	1
9854	1	4
9855	1	1
9856	2	3
9857	2	3
9858	1	3
9859	2	3
9860	1	3
9861	2	3
9862	1	5
9863	2	3
9864	1	3
9865	2	4
9866	2	5
9867	1	3
9868	2	3
9869	2	3
9870	1	3
9871	1	3
9872	1	3
9873	1	3
9874	1	4
9875	1	3
9876	1	3
9877	1	3
9878	1	2
9879	2	4
9880	2	3
9881	1	6
9882	2	3
9883	1	5
9884	2	4
9885	1	3
9886	1	2
9887	1	3
9888	1	5
9889	1	4
9890	1	3
9891	1	3
9892	2	3
9893	2	2
9894	2	4
9895	1	3
9896	1	2
9897	1	4
9898	1	2
9899	2	3
9900	1	3
9901	2	3
9902	1	2
9903	2	6
9904	1	4
9905	1	4
9906	2	1
9907	2	4
9908	1	4
9909	1	2
9910	1	3
9911	2	4
9912	1	4
9913	2	3
9914	1	4
9915	1	4
9916	2	1
9917	2	3
9918	1	5
9920	1	4
9922	1	5
9923	1	5
9924	2	3
9925	2	3
9926	1	4
9927	2	4
9928	1	3
9929	1	5
9930	2	3
9931	2	3
9932	1	4
9933	1	2
9934	1	3
9935	1	3
9936	2	3
9937	1	5
9938	1	3
9939	1	4
9940	2	4
9941	2	4
9942	1	5
9943	2	5
9944	1	5
9945	2	5
9946	1	3
9947	1	4
9948	2	4
9949	2	3
9950	1	3
9951	1	5
9952	1	4
9953	1	4
9954	2	4
9955	2	4
9956	2	3
9957	2	3
9958	1	4
9959	2	3
9960	1	5
9961	2	3
9962	1	2
9963	1	3
9964	1	3
9965	1	4
9966	2	3
9967	1	3
9968	1	2
9969	2	3
9970	1	2
9971	1	4
9972	0	1
9973	1	2
9974	1	4
9975	2	4
9976	1	3
9977	1	3
9978	1	4
9979	2	4
9980	1	4
9981	1	4
9982	2	5
9983	2	4
9984	1	5
9985	1	3
9986	1	2
9987	1	6
9988	1	6
9989	2	4
9990	2	3
9991	2	3
9992	1	3
9993	1	3
9994	1	3
9995	1	2
9996	2	2
9997	2	3
9998	1	4
9999	2	3
10000	2	4
10001	1	4
10002	2	4
10003	2	4
10004	1	4
10005	2	4
10006	1	4
10008	1	4
10009	1	5
10010	1	3
10011	2	4
10012	1	3
10013	1	4
10014	1	4
10015	2	4
10016	1	4
10017	1	3
10018	1	4
10019	2	3
10020	1	5
10021	1	5
10022	2	2
10023	2	3
10024	1	4
10025	1	6
10026	1	4
10027	1	4
10028	2	2
10029	1	3
10030	2	3
10031	1	4
10032	2	3
10033	1	2
10034	1	5
10035	1	5
10036	2	5
10037	1	3
10038	1	4
10039	1	3
10040	1	3
10041	1	4
10042	1	4
10043	1	4
10044	2	1
10045	1	4
10046	2	4
10047	2	3
10048	1	3
10049	1	3
10050	1	5
10051	1	3
10052	1	5
10053	2	3
10054	2	3
10055	1	3
10056	1	3
10057	1	5
10058	2	3
10059	1	2
10060	1	2
10061	1	4
10062	1	4
10063	2	3
10064	1	3
10065	1	5
10066	1	3
10067	1	4
10068	1	5
10069	1	3
10070	1	4
10071	1	4
10072	2	1
10073	2	3
10074	1	3
10075	2	4
10076	2	1
10077	2	3
10078	2	4
10080	2	3
10081	1	3
10082	1	3
10083	1	5
10084	2	4
10085	2	3
